1|23/08/2014|Málaga|Athletic Club|0|0|0|0|0|0|0|0|0|75|76|73|74|78|77|79|78
1|23/08/2014|Sevilla|Valencia|1|0|0|0|0|0|0|0|0|78|79|77|78|78|79|77|76
1|23/08/2014|Granada|Deportivo de La Coruña|0|0|0|0|0|0|0|0|1|73|71|73|71|73|75|73|72
1|23/08/2014|Almería|Espanyol|1|0|0|0|0|0|0|0|0|72|73|70|71|73|74|72|72
1|24/08/2014|Eibar|Real Sociedad|0|0|0|0|0|0|0|1|0|71|73|70|71|77|78|75|76
1|24/08/2014|Celta de Vigo|Getafe|0|0|0|0|0|0|0|0|0|73|76|74|72|72|72|72|72
1|24/08/2014|Barcelona|Elche|0|0|0|0|0|0|0|0|0|84|87|84|81|72|72|71|72
1|24/08/2014|Levante|Villarreal|2|0|0|0|0|0|0|0|0|74|73|73|73|75|77|75|75
1|25/08/2014|Real Madrid|Córdoba|0|0|0|0|0|0|0|0|1|84|86|85|81|71|72|72|69
1|25/08/2014|Rayo Vallecano|Atlético de Madrid|1|0|0|0|0|0|0|0|0|74|73|74|74|80|79|80|80
2|29/08/2014|Getafe|Almería|0|0|1|0|1|0|0|0|0|72|72|72|72|72|73|70|71
2|29/08/2014|Valencia|Málaga|0|1|3|1|3|0|0|0|0|78|79|77|76|75|76|73|74
2|30/08/2014|Córdoba|Celta de Vigo|1|0|3|0|3|0|0|1|0|71|72|72|69|73|76|74|72
2|30/08/2014|Athletic Club|Levante|0|0|0|0|0|0|0|0|0|78|77|79|78|74|73|73|73
2|30/08/2014|Atlético de Madrid|Eibar|0|1|3|1|3|0|0|0|1|80|79|80|80|71|73|70|71
2|30/08/2014|Espanyol|Sevilla|2|1|1|1|1|0|0|0|0|73|74|72|72|78|79|77|78
2|31/08/2014|Villarreal|Barcelona|2|3|3|3|3|0|0|0|0|75|77|75|75|84|87|84|81
2|31/08/2014|Real Sociedad|Real Madrid|0|0|3|0|3|0|0|0|0|77|78|75|76|84|86|85|81
2|31/08/2014|Deportivo de La Coruña|Rayo Vallecano|1|0|1|0|1|0|0|1|0|73|75|73|72|74|73|74|74
2|31/08/2014|Elche|Granada|1|0|3|0|3|0|0|0|0|72|72|71|72|73|71|73|71
3|12/09/2014|Almería|Córdoba|1|1|1|1|1|1|0|0|1|72|73|70|71|71|72|72|69
3|13/09/2014|Barcelona|Athletic Club|0|6|3|6|3|3|0|0|0|84|87|84|81|78|77|79|78
3|13/09/2014|Celta de Vigo|Real Sociedad|1|4|3|4|3|3|0|0|0|73|76|74|72|77|78|75|76
3|13/09/2014|Málaga|Levante|1|3|0|3|0|3|0|0|0|75|76|73|74|74|73|73|73
3|13/09/2014|Real Madrid|Atlético de Madrid|2|3|4|3|4|3|1|0|0|84|86|85|81|80|79|80|80
3|14/09/2014|Rayo Vallecano|Elche|2|2|1|2|1|1|0|0|0|74|73|74|74|72|72|71|72
3|14/09/2014|Valencia|Espanyol|0|4|1|4|1|3|1|0|0|78|79|77|76|73|74|72|72
3|14/09/2014|Sevilla|Getafe|0|4|3|4|3|1|0|0|0|78|79|77|78|72|72|72|72
3|14/09/2014|Granada|Villarreal|1|4|3|4|3|3|3|0|0|73|71|73|71|75|77|75|75
3|15/09/2014|Eibar|Deportivo de La Coruña|2|3|1|3|1|3|0|1|1|71|73|70|71|73|75|73|72
4|19/09/2014|Elche|Eibar|2|4|3|4|3|1|0|0|1|72|72|71|72|71|73|70|71
4|20/09/2014|Deportivo de La Coruña|Real Madrid|2|4|3|4|3|1|0|1|0|73|75|73|72|84|86|85|81
4|20/09/2014|Athletic Club|Granada|2|3|5|3|5|3|1|0|0|78|77|79|78|73|71|73|71
4|20/09/2014|Atlético de Madrid|Celta de Vigo|1|7|5|7|5|3|1|0|0|80|79|80|80|73|76|74|72
4|20/09/2014|Espanyol|Málaga|1|1|4|1|4|0|0|0|0|73|74|72|72|75|76|73|74
4|21/09/2014|Real Sociedad|Almería|2|4|2|4|2|3|0|0|0|77|78|75|76|72|73|70|71
4|21/09/2014|Villarreal|Rayo Vallecano|0|4|2|4|2|0|1|0|0|75|77|75|75|74|73|74|74
4|21/09/2014|Córdoba|Sevilla|2|2|7|2|7|1|3|1|0|71|72|72|69|78|79|77|78
4|21/09/2014|Levante|Barcelona|2|1|9|1|9|0|3|0|0|74|73|73|73|84|87|84|81
4|22/09/2014|Getafe|Valencia|2|3|7|3|7|3|1|0|0|72|72|72|72|78|79|77|76
5|23/09/2014|Real Madrid|Elche|0|6|4|6|4|3|3|0|0|84|86|85|81|72|72|71|72
5|23/09/2014|Celta de Vigo|Deportivo de La Coruña|0|6|4|6|4|4|3|0|1|73|76|74|72|73|75|73|72
5|24/09/2014|Almería|Atlético de Madrid|2|5|8|5|8|2|4|0|0|72|73|70|71|80|79|80|80
5|24/09/2014|Eibar|Villarreal|1|6|7|6|7|3|4|1|0|71|73|70|71|75|77|75|75
5|24/09/2014|Rayo Vallecano|Athletic Club|0|2|3|2|3|1|0|0|0|74|73|74|74|78|77|79|78
5|24/09/2014|Sevilla|Real Sociedad|0|10|4|10|4|4|1|0|0|78|79|77|78|77|78|75|76
5|24/09/2014|Granada|Levante|2|8|1|8|1|4|1|0|0|73|71|73|71|74|73|73|73
5|24/09/2014|Málaga|Barcelona|1|5|12|5|12|4|6|0|0|75|76|73|74|84|87|84|81
5|25/09/2014|Espanyol|Getafe|0|2|3|2|3|1|0|0|0|73|74|72|72|72|72|72|72
5|25/09/2014|Valencia|Córdoba|0|10|2|10|2|6|1|0|1|78|79|77|76|71|72|72|69
6|26/09/2014|Elche|Celta de Vigo|2|4|9|4|9|1|2|0|0|72|72|71|72|73|76|74|72
6|27/09/2014|Villarreal|Real Madrid|2|8|9|8|9|3|3|0|0|75|77|75|75|84|86|85|81
6|27/09/2014|Barcelona|Granada|0|13|8|13|8|6|4|0|0|84|87|84|81|73|71|73|71
6|27/09/2014|Atlético de Madrid|Sevilla|0|11|13|11|13|4|6|0|0|80|79|80|80|78|79|77|78
6|27/09/2014|Athletic Club|Eibar|1|3|7|3|7|3|3|0|1|78|77|79|78|71|73|70|71
6|27/09/2014|Levante|Rayo Vallecano|2|4|5|4|5|0|1|0|0|74|73|73|73|74|73|74|74
6|28/09/2014|Getafe|Málaga|0|3|6|3|6|3|1|0|0|72|72|72|72|75|76|73|74
6|28/09/2014|Deportivo de La Coruña|Almería|2|4|5|4|5|1|3|1|0|73|75|73|72|72|73|70|71
6|28/09/2014|Real Sociedad|Valencia|1|4|13|4|13|3|4|0|0|77|78|75|76|78|79|77|76
6|28/09/2014|Córdoba|Espanyol|1|2|5|2|5|1|1|1|0|71|72|72|69|73|74|72|72
7|03/10/2014|Getafe|Córdoba|1|6|3|6|3|6|1|0|1|72|72|72|72|71|72|72|69
7|04/10/2014|Valencia|Atlético de Madrid|0|14|14|14|14|9|7|0|0|78|79|77|76|80|79|80|80
7|04/10/2014|Rayo Vallecano|Barcelona|2|8|16|8|16|4|7|0|0|74|73|74|74|84|87|84|81
7|04/10/2014|Eibar|Levante|1|8|4|8|4|4|4|1|0|71|73|70|71|74|73|73|73
7|04/10/2014|Almería|Elche|1|8|4|8|4|2|3|0|0|72|73|70|71|72|72|71|72
7|04/10/2014|Málaga|Granada|0|6|8|6|8|5|4|0|0|75|76|73|74|73|71|73|71
7|05/10/2014|Sevilla|Deportivo de La Coruña|0|13|4|13|4|7|3|0|1|78|79|77|78|73|75|73|72
7|05/10/2014|Celta de Vigo|Villarreal|2|12|8|12|8|7|5|0|0|73|76|74|72|75|77|75|75
7|05/10/2014|Espanyol|Real Sociedad|0|6|5|6|5|4|1|0|0|73|74|72|72|77|78|75|76
7|05/10/2014|Real Madrid|Athletic Club|0|12|4|12|4|6|0|0|0|84|86|85|81|78|77|79|78
8|17/10/2014|Granada|Rayo Vallecano|2|8|8|5|7|4|4|0|0|73|71|73|71|74|73|74|74
8|18/10/2014|Levante|Real Madrid|2|5|15|5|12|0|6|0|0|74|73|73|73|84|86|85|81
8|18/10/2014|Athletic Club|Celta de Vigo|1|4|12|4|9|4|5|0|0|78|77|79|78|73|76|74|72
8|18/10/2014|Barcelona|Eibar|0|19|9|16|6|9|4|0|1|84|87|84|81|71|73|70|71
8|18/10/2014|Córdoba|Málaga|2|4|9|4|6|2|1|1|0|71|72|72|69|75|76|73|74
8|19/10/2014|Atlético de Madrid|Espanyol|0|14|9|13|8|7|2|0|0|80|79|80|80|73|74|72|72
8|19/10/2014|Deportivo de La Coruña|Valencia|0|4|17|4|16|1|5|1|0|73|75|73|72|78|79|77|76
8|19/10/2014|Elche|Sevilla|2|5|16|5|15|1|6|0|0|72|72|71|72|78|79|77|78
8|19/10/2014|Villarreal|Almería|0|11|9|8|8|3|6|0|0|75|77|75|75|72|73|70|71
8|20/10/2014|Real Sociedad|Getafe|2|5|7|5|7|4|0|0|0|77|78|75|76|72|72|72|72
9|24/10/2014|Celta de Vigo|Levante|0|13|5|9|5|4|5|0|0|73|76|74|72|74|73|73|73
9|25/10/2014|Almería|Athletic Club|2|9|5|8|2|2|0|0|0|72|73|70|71|78|77|79|78
9|25/10/2014|Real Madrid|Barcelona|0|18|22|15|16|6|7|0|0|84|86|85|81|84|87|84|81
9|25/10/2014|Valencia|Elche|0|17|5|13|4|9|4|0|0|78|79|77|76|72|72|71|72
9|25/10/2014|Córdoba|Real Sociedad|1|4|5|3|2|1|1|1|0|71|72|72|69|77|78|75|76
9|25/10/2014|Eibar|Granada|1|9|8|6|4|2|3|1|0|71|73|70|71|73|71|73|71
9|26/10/2014|Málaga|Rayo Vallecano|0|12|11|9|9|5|6|0|0|75|76|73|74|74|73|74|74
9|26/10/2014|Espanyol|Deportivo de La Coruña|1|9|7|8|6|7|3|0|1|73|74|72|72|73|75|73|72
9|26/10/2014|Sevilla|Villarreal|0|19|14|15|11|9|5|0|0|78|79|77|78|75|77|75|75
9|26/10/2014|Getafe|Atlético de Madrid|2|10|17|7|13|4|6|0|0|72|72|72|72|80|79|80|80
10|31/10/2014|Deportivo de La Coruña|Getafe|2|8|10|4|7|3|3|1|0|73|75|73|72|72|72|72|72
10|01/11/2014|Granada|Real Madrid|2|9|21|4|18|1|9|0|0|73|71|73|71|84|86|85|81
10|01/11/2014|Atlético de Madrid|Córdoba|0|20|5|13|3|7|2|0|1|80|79|80|80|71|72|72|69
10|01/11/2014|Barcelona|Celta de Vigo|2|22|16|13|11|9|5|0|0|84|87|84|81|73|76|74|72
10|01/11/2014|Real Sociedad|Málaga|2|6|15|2|11|1|4|0|0|77|78|75|76|75|76|73|74
10|02/11/2014|Athletic Club|Sevilla|0|8|22|5|15|2|6|0|0|78|77|79|78|78|79|77|78
10|02/11/2014|Villarreal|Valencia|2|14|20|10|13|6|4|0|0|75|77|75|75|78|79|77|76
10|02/11/2014|Levante|Almería|0|5|9|4|7|0|6|0|0|74|73|73|73|72|73|70|71
10|02/11/2014|Elche|Espanyol|0|5|10|1|9|0|1|0|0|72|72|71|72|73|74|72|72
10|03/11/2014|Rayo Vallecano|Eibar|2|11|10|9|7|3|4|0|1|74|73|74|74|71|73|70|71
11|07/11/2014|Córdoba|Deportivo de La Coruña|1|5|8|3|4|2|1|1|1|71|72|72|69|73|75|73|72
11|08/11/2014|Almería|Barcelona|2|9|22|4|10|1|4|0|0|72|73|70|71|84|87|84|81
11|08/11/2014|Getafe|Elche|1|13|8|10|4|4|1|0|0|72|72|72|72|72|72|71|72
11|08/11/2014|Real Madrid|Rayo Vallecano|0|24|11|18|9|9|6|0|0|84|86|85|81|74|73|74|74
11|08/11/2014|Celta de Vigo|Granada|1|19|9|13|1|6|1|0|0|73|76|74|72|73|71|73|71
11|08/11/2014|Málaga|Eibar|0|18|13|13|7|7|4|0|1|75|76|73|74|71|73|70|71
11|09/11/2014|Sevilla|Levante|1|22|8|12|7|9|4|0|0|78|79|77|78|74|73|73|73
11|09/11/2014|Espanyol|Villarreal|1|10|14|8|7|7|4|0|0|73|74|72|72|75|77|75|75
11|09/11/2014|Valencia|Athletic Club|1|23|11|13|8|9|3|0|0|78|79|77|76|78|77|79|78
11|09/11/2014|Real Sociedad|Atlético de Madrid|0|6|23|2|15|1|6|0|0|77|78|75|76|80|79|80|80
12|21/11/2014|Athletic Club|Espanyol|0|12|11|9|6|5|1|0|0|78|77|79|78|73|74|72|72
12|22/11/2014|Atlético de Madrid|Málaga|0|23|21|12|15|9|6|0|0|80|79|80|80|75|76|73|74
12|22/11/2014|Eibar|Real Madrid|2|13|27|6|18|3|9|1|0|71|73|70|71|84|86|85|81
12|22/11/2014|Barcelona|Sevilla|0|25|23|12|10|6|3|0|0|84|87|84|81|78|79|77|78
12|22/11/2014|Deportivo de La Coruña|Real Sociedad|1|9|9|5|5|3|1|1|0|73|75|73|72|77|78|75|76
12|23/11/2014|Rayo Vallecano|Celta de Vigo|0|11|20|6|11|3|7|0|0|74|73|74|74|73|76|74|72
12|23/11/2014|Levante|Valencia|0|9|24|5|11|3|4|0|0|74|73|73|73|78|79|77|76
12|23/11/2014|Elche|Córdoba|1|9|6|5|4|3|1|0|1|72|72|71|72|71|72|72|69
12|23/11/2014|Villarreal|Getafe|0|15|14|7|11|3|6|0|0|75|77|75|75|72|72|72|72
12|24/11/2014|Granada|Almería|1|10|9|2|4|0|3|0|0|73|71|73|71|72|73|70|71
13|28/11/2014|Real Sociedad|Elche|0|10|10|5|6|3|2|0|0|77|78|75|76|72|72|71|72
13|29/11/2014|Getafe|Athletic Club|2|14|15|8|11|2|4|0|0|72|72|72|72|78|77|79|78
13|29/11/2014|Espanyol|Levante|0|11|12|5|8|5|2|0|0|73|74|72|72|74|73|73|73
13|29/11/2014|Málaga|Real Madrid|2|21|30|15|18|9|9|0|0|75|76|73|74|84|86|85|81
13|29/11/2014|Celta de Vigo|Eibar|2|20|13|8|5|4|3|0|1|73|76|74|72|71|73|70|71
13|30/11/2014|Atlético de Madrid|Deportivo de La Coruña|0|26|10|12|6|9|2|0|1|80|79|80|80|73|75|73|72
13|30/11/2014|Sevilla|Granada|0|23|11|10|3|7|2|0|0|78|79|77|78|73|71|73|71
13|30/11/2014|Córdoba|Villarreal|2|7|18|4|10|2|4|1|0|71|72|72|69|75|77|75|75
13|30/11/2014|Valencia|Barcelona|2|24|28|10|12|7|6|0|0|78|79|77|76|84|87|84|81
13|01/12/2014|Almería|Rayo Vallecano|2|10|14|2|6|1|3|0|0|72|73|70|71|74|73|74|74
14|06/12/2014|Elche|Atlético de Madrid|2|10|29|5|15|4|3|0|0|72|72|71|72|80|79|80|80
14|06/12/2014|Athletic Club|Córdoba|2|18|7|14|3|7|2|0|1|78|77|79|78|71|72|72|69
14|06/12/2014|Real Madrid|Celta de Vigo|0|33|20|18|8|9|4|0|0|84|86|85|81|73|76|74|72
14|06/12/2014|Deportivo de La Coruña|Málaga|2|10|21|6|12|4|6|1|0|73|75|73|72|75|76|73|74
14|07/12/2014|Rayo Vallecano|Sevilla|2|17|26|9|10|3|3|0|0|74|73|74|74|78|79|77|78
14|07/12/2014|Barcelona|Espanyol|0|31|14|12|5|6|0|0|0|84|87|84|81|73|74|72|72
14|07/12/2014|Villarreal|Real Sociedad|0|21|13|10|8|6|2|0|0|75|77|75|75|77|78|75|76
14|07/12/2014|Granada|Valencia|1|11|24|3|7|1|3|0|0|73|71|73|71|78|79|77|76
14|08/12/2014|Eibar|Almería|0|16|10|7|1|2|1|1|0|71|73|70|71|72|73|70|71
14|08/12/2014|Levante|Getafe|1|12|14|7|7|6|6|0|0|74|73|73|73|72|72|72|72
15|12/12/2014|Almería|Real Madrid|2|10|36|1|18|0|9|0|0|72|73|70|71|84|86|85|81
15|13/12/2014|Getafe|Barcelona|1|15|34|5|12|1|6|0|0|72|72|72|72|84|87|84|81
15|13/12/2014|Valencia|Rayo Vallecano|0|25|17|8|6|4|3|0|0|78|79|77|76|74|73|74|74
15|13/12/2014|Córdoba|Levante|1|10|13|6|8|2|1|1|0|71|72|72|69|74|73|73|73
15|13/12/2014|Málaga|Celta de Vigo|0|24|20|12|7|6|3|0|0|75|76|73|74|73|76|74|72
15|14/12/2014|Espanyol|Granada|0|14|12|5|4|5|2|0|0|73|74|72|72|73|71|73|71
15|14/12/2014|Sevilla|Eibar|1|29|19|10|10|7|6|0|1|78|79|77|78|71|73|70|71
15|14/12/2014|Atlético de Madrid|Villarreal|2|32|24|15|10|9|4|0|0|80|79|80|80|75|77|75|75
15|14/12/2014|Real Sociedad|Athletic Club|1|13|18|8|13|6|7|0|0|77|78|75|76|78|77|79|78
15|15/12/2014|Deportivo de La Coruña|Elche|0|10|10|3|5|1|1|1|0|73|75|73|72|72|72|71|72
16|19/12/2014|Celta de Vigo|Almería|2|20|10|4|1|4|1|0|0|73|76|74|72|72|73|70|71
16|20/12/2014|Barcelona|Córdoba|0|35|11|13|6|6|4|0|1|84|87|84|81|71|72|72|69
16|20/12/2014|Levante|Real Sociedad|1|14|14|9|8|7|2|0|0|74|73|73|73|77|78|75|76
16|20/12/2014|Eibar|Valencia|2|20|28|10|8|4|4|1|0|71|73|70|71|78|79|77|76
16|20/12/2014|Rayo Vallecano|Espanyol|2|17|17|6|7|3|0|0|0|74|73|74|74|73|74|72|72
16|21/12/2014|Villarreal|Deportivo de La Coruña|0|27|13|13|5|6|2|0|1|75|77|75|75|73|75|73|72
16|21/12/2014|Granada|Getafe|1|12|16|3|6|2|4|0|0|73|71|73|71|72|72|72|72
16|21/12/2014|Elche|Málaga|2|10|27|5|12|4|6|0|0|72|72|71|72|75|76|73|74
16|21/12/2014|Athletic Club|Atlético de Madrid|2|19|32|11|12|6|6|0|0|78|77|79|78|80|79|80|80
16|04/02/2015|Real Madrid|Sevilla|0|39|30|18|8|9|3|0|0|84|86|85|81|78|79|77|78
17|03/01/2015|Atlético de Madrid|Levante|0|35|15|12|7|6|2|0|0|80|79|80|80|74|73|73|73
17|03/01/2015|Sevilla|Celta de Vigo|0|30|20|8|1|5|0|0|0|78|79|77|78|73|76|74|72
17|03/01/2015|Elche|Villarreal|1|10|30|2|16|1|7|0|0|72|72|71|72|75|77|75|75
17|03/01/2015|Deportivo de La Coruña|Athletic Club|0|13|19|5|8|4|5|1|0|73|75|73|72|78|77|79|78
17|03/01/2015|Málaga|Almería|2|30|13|12|4|6|4|0|0|75|76|73|74|72|73|70|71
17|04/01/2015|Getafe|Rayo Vallecano|2|17|17|4|6|2|3|0|0|72|72|72|72|74|73|74|74
17|04/01/2015|Valencia|Real Madrid|0|31|42|8|18|4|9|0|0|78|79|77|76|84|86|85|81
17|04/01/2015|Espanyol|Eibar|2|20|20|10|7|7|4|0|1|73|74|72|72|71|73|70|71
17|04/01/2015|Real Sociedad|Barcelona|0|15|38|9|16|7|7|0|0|77|78|75|76|84|87|84|81
17|05/01/2015|Córdoba|Granada|0|11|13|6|4|2|1|1|0|71|72|72|69|73|71|73|71
18|09/01/2015|Levante|Deportivo de La Coruña|1|15|16|6|7|5|1|0|1|74|73|73|73|73|75|73|72
18|10/01/2015|Real Madrid|Espanyol|0|42|20|15|9|9|3|0|0|84|86|85|81|73|74|72|72
18|10/01/2015|Málaga|Villarreal|1|30|31|9|16|3|7|0|0|75|76|73|74|75|77|75|75
18|10/01/2015|Celta de Vigo|Valencia|1|20|34|0|10|1|4|0|0|73|76|74|72|78|79|77|76
18|10/01/2015|Eibar|Getafe|0|23|17|10|3|3|2|1|0|71|73|70|71|72|72|72|72
18|11/01/2015|Almería|Sevilla|2|16|33|7|10|0|3|0|0|72|73|70|71|78|79|77|78
18|11/01/2015|Athletic Club|Elche|2|19|11|7|2|3|1|0|0|78|77|79|78|72|72|71|72
18|11/01/2015|Granada|Real Sociedad|1|13|18|3|9|3|2|0|0|73|71|73|71|77|78|75|76
18|11/01/2015|Barcelona|Atlético de Madrid|0|38|38|13|15|9|6|0|0|84|87|84|81|80|79|80|80
18|12/01/2015|Rayo Vallecano|Córdoba|2|20|14|9|8|3|4|0|1|74|73|74|74|71|72|72|69
19|16/01/2015|Córdoba|Eibar|1|17|26|10|13|4|7|1|1|71|72|72|69|71|73|70|71
19|17/01/2015|Real Sociedad|Rayo Vallecano|2|19|20|9|6|7|6|0|0|77|78|75|76|74|73|74|74
19|17/01/2015|Valencia|Almería|0|35|16|11|6|6|6|0|0|78|79|77|76|72|73|70|71
19|17/01/2015|Villarreal|Athletic Club|0|32|19|14|4|9|4|0|0|75|77|75|75|78|77|79|78
19|17/01/2015|Espanyol|Celta de Vigo|0|20|21|9|1|6|0|0|0|73|74|72|72|73|76|74|72
19|18/01/2015|Getafe|Real Madrid|2|17|45|3|15|1|6|0|0|72|72|72|72|84|86|85|81
19|18/01/2015|Atlético de Madrid|Granada|0|38|14|12|3|6|0|0|0|80|79|80|80|73|71|73|71
19|18/01/2015|Deportivo de La Coruña|Barcelona|2|17|41|7|13|6|4|1|0|73|75|73|72|84|87|84|81
19|18/01/2015|Elche|Levante|0|14|16|4|4|1|1|0|0|72|72|71|72|74|73|73|73
19|18/01/2015|Sevilla|Málaga|0|36|31|13|10|7|6|0|0|78|79|77|78|75|76|73|74
20|24/01/2015|Córdoba|Real Madrid|2|18|48|11|15|5|6|1|0|71|72|72|69|84|86|85|81
20|24/01/2015|Elche|Barcelona|2|17|44|7|13|4|4|0|0|72|72|71|72|84|87|84|81
20|24/01/2015|Atlético de Madrid|Rayo Vallecano|0|41|23|12|6|6|6|0|0|80|79|80|80|74|73|74|74
20|24/01/2015|Real Sociedad|Eibar|0|19|27|6|11|4|5|0|1|77|78|75|76|71|73|70|71
20|24/01/2015|Villarreal|Levante|0|35|16|14|4|9|1|0|0|75|77|75|75|74|73|73|73
20|25/01/2015|Deportivo de La Coruña|Granada|1|17|14|7|3|6|0|1|0|73|75|73|72|73|71|73|71
20|25/01/2015|Athletic Club|Málaga|1|19|31|1|10|0|6|0|0|78|77|79|78|75|76|73|74
20|25/01/2015|Espanyol|Almería|0|23|16|9|6|6|6|0|0|73|74|72|72|72|73|70|71
20|25/01/2015|Valencia|Sevilla|0|38|39|14|13|9|6|0|0|78|79|77|76|78|79|77|78
20|26/01/2015|Getafe|Celta de Vigo|0|17|21|3|1|1|0|0|0|72|72|72|72|73|76|74|72
21|30/01/2015|Rayo Vallecano|Deportivo de La Coruña|2|23|18|6|8|0|1|0|1|74|73|74|74|73|75|73|72
21|31/01/2015|Real Madrid|Real Sociedad|0|51|22|15|9|9|2|0|0|84|86|85|81|77|78|75|76
21|31/01/2015|Eibar|Atlético de Madrid|2|27|44|8|12|6|6|1|0|71|73|70|71|80|79|80|80
21|31/01/2015|Granada|Elche|0|15|17|3|7|3|3|0|0|73|71|73|71|72|72|71|72
21|31/01/2015|Celta de Vigo|Córdoba|0|21|18|1|8|1|6|0|1|73|76|74|72|71|72|72|69
21|01/02/2015|Levante|Athletic Club|2|16|20|3|2|3|1|0|0|74|73|73|73|78|77|79|78
21|01/02/2015|Almería|Getafe|0|16|20|6|5|0|2|0|0|72|73|70|71|72|72|72|72
21|01/02/2015|Sevilla|Espanyol|0|39|26|10|12|7|3|0|0|78|79|77|78|73|74|72|72
21|01/02/2015|Barcelona|Villarreal|0|47|38|13|14|9|5|0|0|84|87|84|81|75|77|75|75
21|02/02/2015|Málaga|Valencia|0|32|41|8|16|4|5|0|0|75|76|73|74|78|79|77|76
22|06/02/2015|Deportivo de La Coruña|Eibar|0|21|27|8|7|4|4|1|1|73|75|73|72|71|73|70|71
22|07/02/2015|Atlético de Madrid|Real Madrid|0|47|54|15|15|9|6|0|0|80|79|80|80|84|86|85|81
22|07/02/2015|Villarreal|Granada|0|38|18|11|6|9|1|0|0|75|77|75|75|73|71|73|71
22|07/02/2015|Levante|Málaga|0|16|35|2|8|2|4|0|0|74|73|73|73|75|76|73|74
22|07/02/2015|Real Sociedad|Celta de Vigo|1|22|24|8|4|6|0|0|0|77|78|75|76|73|76|74|72
22|08/02/2015|Córdoba|Almería|2|18|19|7|9|4|3|1|0|71|72|72|69|72|73|70|71
22|08/02/2015|Getafe|Sevilla|0|20|42|4|12|3|3|0|0|72|72|72|72|78|79|77|78
22|08/02/2015|Espanyol|Valencia|2|26|41|9|13|6|4|0|0|73|74|72|72|78|79|77|76
22|08/02/2015|Athletic Club|Barcelona|2|23|50|4|15|1|6|0|0|78|77|79|78|84|87|84|81
22|09/02/2015|Elche|Rayo Vallecano|0|17|23|7|6|4|6|0|0|72|72|71|72|74|73|74|74
23|13/02/2015|Almería|Real Sociedad|1|22|23|9|8|3|2|0|0|72|73|70|71|77|78|75|76
23|14/02/2015|Sevilla|Córdoba|0|42|18|12|7|9|3|0|1|78|79|77|78|71|72|72|69
23|14/02/2015|Real Madrid|Deportivo de La Coruña|0|54|24|12|11|9|4|0|1|84|86|85|81|73|75|73|72
23|14/02/2015|Granada|Athletic Club|1|18|23|5|4|5|3|0|0|73|71|73|71|78|77|79|78
23|14/02/2015|Málaga|Espanyol|2|35|26|5|6|4|3|0|0|75|76|73|74|73|74|72|72
23|15/02/2015|Valencia|Getafe|0|44|23|13|6|9|1|0|0|78|79|77|76|72|72|72|72
23|15/02/2015|Barcelona|Levante|0|53|19|15|4|9|0|0|0|84|87|84|81|74|73|73|73
23|15/02/2015|Rayo Vallecano|Villarreal|0|23|41|6|11|0|2|0|0|74|73|74|74|75|77|75|75
23|15/02/2015|Celta de Vigo|Atlético de Madrid|0|25|50|5|15|4|6|0|0|73|76|74|72|80|79|80|80
23|16/02/2015|Eibar|Elche|2|27|20|7|10|3|3|1|0|71|73|70|71|72|72|71|72
24|20/02/2015|Getafe|Espanyol|0|23|29|6|9|6|3|0|0|72|72|72|72|73|74|72|72
24|21/02/2015|Barcelona|Málaga|2|56|35|18|5|9|1|0|0|84|87|84|81|75|76|73|74
24|21/02/2015|Córdoba|Valencia|2|18|47|4|13|1|4|1|0|71|72|72|69|78|79|77|76
24|21/02/2015|Atlético de Madrid|Almería|0|50|23|12|7|9|3|0|0|80|79|80|80|72|73|70|71
24|21/02/2015|Deportivo de La Coruña|Celta de Vigo|2|24|28|8|8|4|1|1|0|73|75|73|72|73|76|74|72
24|22/02/2015|Real Sociedad|Sevilla|0|24|45|6|12|4|3|0|0|77|78|75|76|78|79|77|78
24|22/02/2015|Athletic Club|Rayo Vallecano|0|24|26|5|6|1|3|0|0|78|77|79|78|74|73|74|74
24|22/02/2015|Villarreal|Eibar|0|41|27|10|4|9|1|0|1|75|77|75|75|71|73|70|71
24|22/02/2015|Elche|Real Madrid|2|23|57|12|15|6|6|0|0|72|72|71|72|84|86|85|81
24|23/02/2015|Levante|Granada|0|19|19|4|6|4|1|0|0|74|73|73|73|73|71|73|71
25|27/02/2015|Espanyol|Córdoba|0|29|18|9|1|6|3|0|1|73|74|72|72|71|72|72|69
25|28/02/2015|Granada|Barcelona|2|19|56|5|15|5|9|0|0|73|71|73|71|84|87|84|81
25|28/02/2015|Rayo Vallecano|Levante|0|26|22|6|6|3|0|0|0|74|73|74|74|74|73|73|73
25|28/02/2015|Almería|Deportivo de La Coruña|1|23|24|7|7|4|4|0|1|72|73|70|71|73|75|73|72
25|28/02/2015|Málaga|Getafe|0|38|26|7|9|4|0|0|0|75|76|73|74|72|72|72|72
25|01/03/2015|Valencia|Real Sociedad|0|50|27|15|8|9|2|0|0|78|79|77|76|77|78|75|76
25|01/03/2015|Eibar|Athletic Club|2|27|27|1|8|3|4|1|0|71|73|70|71|78|77|79|78
25|01/03/2015|Sevilla|Atlético de Madrid|1|45|53|9|15|9|3|0|0|78|79|77|78|80|79|80|80
25|01/03/2015|Real Madrid|Villarreal|1|60|44|15|12|9|1|0|0|84|86|85|81|75|77|75|75
25|02/03/2015|Celta de Vigo|Elche|1|31|23|10|9|7|6|0|0|73|76|74|72|72|72|71|72
26|06/03/2015|Levante|Eibar|0|22|27|6|0|6|0|0|1|74|73|73|73|71|73|70|71
26|07/03/2015|Deportivo de La Coruña|Sevilla|2|25|46|8|7|4|0|1|0|73|75|73|72|78|79|77|78
26|07/03/2015|Athletic Club|Real Madrid|0|30|61|11|13|4|6|0|0|78|77|79|78|84|86|85|81
26|07/03/2015|Elche|Almería|0|24|24|7|8|3|3|0|0|72|72|71|72|72|73|70|71
26|07/03/2015|Granada|Málaga|0|19|41|5|10|4|4|0|0|73|71|73|71|75|76|73|74
26|08/03/2015|Barcelona|Rayo Vallecano|0|59|29|15|6|6|0|0|0|84|87|84|81|74|73|74|74
26|08/03/2015|Real Sociedad|Espanyol|0|27|32|8|9|7|3|0|0|77|78|75|76|73|74|72|72
26|08/03/2015|Villarreal|Celta de Vigo|0|45|32|10|11|9|4|0|0|75|77|75|75|73|76|74|72
26|08/03/2015|Córdoba|Getafe|2|18|26|0|9|0|0|1|0|71|72|72|69|72|72|72|72
26|08/03/2015|Atlético de Madrid|Valencia|1|54|53|13|15|9|6|0|0|80|79|80|80|78|79|77|76
27|13/03/2015|Valencia|Deportivo de La Coruña|0|54|25|13|7|9|4|0|1|78|79|77|76|73|75|73|72
27|14/03/2015|Espanyol|Atlético de Madrid|1|32|55|6|11|6|4|0|0|73|74|72|72|80|79|80|80
27|14/03/2015|Eibar|Barcelona|2|27|62|0|15|0|9|1|0|71|73|70|71|84|87|84|81
27|14/03/2015|Rayo Vallecano|Granada|0|29|22|6|7|6|1|0|0|74|73|74|74|73|71|73|71
27|14/03/2015|Celta de Vigo|Athletic Club|2|32|33|11|13|7|7|0|0|73|76|74|72|78|77|79|78
27|15/03/2015|Almería|Villarreal|1|24|48|8|10|5|1|0|0|72|73|70|71|75|77|75|75
27|15/03/2015|Málaga|Córdoba|0|41|18|9|0|6|0|0|1|75|76|73|74|71|72|72|69
27|15/03/2015|Sevilla|Elche|0|49|27|10|10|7|4|0|0|78|79|77|78|72|72|71|72
27|15/03/2015|Real Madrid|Levante|0|61|25|10|9|7|0|0|0|84|86|85|81|74|73|73|73
27|16/03/2015|Getafe|Real Sociedad|2|29|30|9|8|9|1|0|0|72|72|72|72|77|78|75|76
28|20/03/2015|Elche|Valencia|2|27|57|10|16|6|7|0|0|72|72|71|72|78|79|77|76
28|21/03/2015|Atlético de Madrid|Getafe|0|56|29|9|9|7|3|0|0|80|79|80|80|72|72|72|72
28|21/03/2015|Rayo Vallecano|Málaga|0|32|44|9|9|9|3|0|0|74|73|74|74|75|76|73|74
28|21/03/2015|Levante|Celta de Vigo|2|25|32|9|8|9|4|0|0|74|73|73|73|73|76|74|72
28|21/03/2015|Athletic Club|Almería|0|36|25|13|6|6|3|0|0|78|77|79|78|72|73|70|71
28|21/03/2015|Granada|Eibar|1|22|27|4|0|4|0|0|1|73|71|73|71|71|73|70|71
28|22/03/2015|Deportivo de La Coruña|Espanyol|1|25|33|4|7|3|3|1|0|73|75|73|72|73|74|72|72
28|22/03/2015|Villarreal|Sevilla|2|49|52|11|10|9|3|0|0|75|77|75|75|78|79|77|78
28|22/03/2015|Real Sociedad|Córdoba|0|33|18|11|0|7|0|0|1|77|78|75|76|71|72|72|69
28|22/03/2015|Barcelona|Real Madrid|0|65|64|15|10|6|3|0|0|84|87|84|81|84|86|85|81
29|03/04/2015|Eibar|Rayo Vallecano|2|28|35|1|12|0|0|1|0|71|73|70|71|74|73|74|74
29|04/04/2015|Sevilla|Athletic Club|0|55|39|13|16|7|7|0|0|78|79|77|78|78|77|79|78
29|04/04/2015|Córdoba|Atlético de Madrid|2|18|59|0|9|0|2|1|0|71|72|72|69|80|79|80|80
29|04/04/2015|Almería|Levante|2|25|25|3|6|3|0|0|0|72|73|70|71|74|73|73|73
29|04/04/2015|Málaga|Real Sociedad|1|44|36|9|13|6|4|0|0|75|76|73|74|77|78|75|76
29|05/04/2015|Real Madrid|Granada|0|64|23|10|5|7|0|0|0|84|86|85|81|73|71|73|71
29|05/04/2015|Valencia|Villarreal|1|60|49|16|8|9|2|0|0|78|79|77|76|75|77|75|75
29|05/04/2015|Getafe|Deportivo de La Coruña|0|29|26|6|2|6|1|0|1|72|72|72|72|73|75|73|72
29|05/04/2015|Celta de Vigo|Barcelona|2|35|68|10|15|4|9|0|0|73|76|74|72|84|87|84|81
29|06/04/2015|Espanyol|Elche|1|34|27|8|7|4|4|0|0|73|74|72|72|72|72|71|72
30|07/04/2015|Atlético de Madrid|Real Sociedad|0|62|37|12|13|7|4|0|0|80|79|80|80|77|78|75|76
30|07/04/2015|Levante|Sevilla|2|28|58|9|13|6|6|0|0|74|73|73|73|78|79|77|78
30|07/04/2015|Eibar|Málaga|0|28|45|1|10|0|3|1|0|71|73|70|71|75|76|73|74
30|08/04/2015|Deportivo de La Coruña|Córdoba|1|26|18|2|0|1|0|1|1|73|75|73|72|71|72|72|69
30|08/04/2015|Barcelona|Almería|0|71|25|15|2|6|0|0|0|84|87|84|81|72|73|70|71
30|08/04/2015|Granada|Celta de Vigo|1|23|35|4|7|4|6|0|0|73|71|73|71|73|76|74|72
30|08/04/2015|Rayo Vallecano|Real Madrid|2|38|67|12|10|9|3|0|0|74|73|74|74|84|86|85|81
30|09/04/2015|Athletic Club|Valencia|1|39|61|15|14|9|7|0|0|78|77|79|78|78|79|77|76
30|09/04/2015|Elche|Getafe|2|28|32|5|9|3|3|0|0|72|72|71|72|72|72|72|72
30|09/04/2015|Villarreal|Espanyol|2|50|35|9|6|6|1|0|0|75|77|75|75|73|74|72|72
31|11/04/2015|Real Madrid|Eibar|0|70|31|10|4|7|1|0|1|84|86|85|81|71|73|70|71
31|11/04/2015|Málaga|Atlético de Madrid|1|45|65|7|12|7|5|0|0|75|76|73|74|80|79|80|80
31|11/04/2015|Sevilla|Barcelona|1|61|74|16|18|7|9|0|0|78|79|77|78|84|87|84|81
31|11/04/2015|Almería|Granada|0|25|24|2|5|2|0|0|0|72|73|70|71|73|71|73|71
31|11/04/2015|Celta de Vigo|Rayo Vallecano|0|36|38|5|12|1|3|0|0|73|76|74|72|74|73|74|74
31|12/04/2015|Getafe|Villarreal|1|35|50|9|6|6|3|0|0|72|72|72|72|75|77|75|75
31|12/04/2015|Espanyol|Athletic Club|0|38|40|9|13|5|6|0|0|73|74|72|72|78|77|79|78
31|12/04/2015|Real Sociedad|Deportivo de La Coruña|1|37|27|10|3|9|1|0|1|77|78|75|76|73|75|73|72
31|12/04/2015|Córdoba|Elche|2|19|28|1|5|0|2|1|0|71|72|72|69|72|72|71|72
31|13/04/2015|Valencia|Levante|0|62|28|12|6|7|3|0|0|78|79|77|76|74|73|73|73
32|17/04/2015|Levante|Espanyol|1|28|41|6|9|3|4|0|0|74|73|73|73|73|74|72|72
32|18/04/2015|Barcelona|Valencia|0|75|65|16|12|9|5|0|0|84|87|84|81|78|79|77|76
32|18/04/2015|Deportivo de La Coruña|Atlético de Madrid|2|28|66|3|12|2|5|1|0|73|75|73|72|80|79|80|80
32|18/04/2015|Real Madrid|Málaga|0|73|46|12|5|9|0|0|0|84|86|85|81|75|76|73|74
32|18/04/2015|Athletic Club|Getafe|0|40|36|10|10|7|6|0|0|78|77|79|78|72|72|72|72
32|19/04/2015|Rayo Vallecano|Almería|0|38|28|9|4|6|0|0|0|74|73|74|74|72|73|70|71
32|19/04/2015|Granada|Sevilla|1|24|62|5|16|5|9|0|0|73|71|73|71|78|79|77|78
32|19/04/2015|Villarreal|Córdoba|1|51|19|6|1|3|1|0|1|75|77|75|75|71|72|72|69
32|19/04/2015|Eibar|Celta de Vigo|2|31|39|4|7|3|4|1|0|71|73|70|71|73|76|74|72
32|20/04/2015|Elche|Real Sociedad|0|31|38|7|11|3|4|0|0|72|72|71|72|77|78|75|76
33|24/04/2015|Córdoba|Athletic Club|2|20|43|2|10|0|3|1|0|71|72|72|69|78|77|79|78
33|25/04/2015|Espanyol|Barcelona|2|42|78|10|16|5|7|0|0|73|74|72|72|84|87|84|81
33|25/04/2015|Atlético de Madrid|Elche|0|69|34|14|7|7|4|0|0|80|79|80|80|72|72|71|72
33|25/04/2015|Getafe|Levante|2|36|29|7|4|4|3|0|0|72|72|72|72|74|73|73|73
33|25/04/2015|Real Sociedad|Villarreal|1|38|52|8|4|7|3|0|0|77|78|75|76|75|77|75|75
33|26/04/2015|Málaga|Deportivo de La Coruña|1|46|28|5|3|5|1|0|1|75|76|73|74|73|75|73|72
33|26/04/2015|Almería|Eibar|0|28|31|4|4|4|1|0|1|72|73|70|71|71|73|70|71
33|26/04/2015|Sevilla|Rayo Vallecano|0|63|41|14|12|7|3|0|0|78|79|77|78|74|73|74|74
33|26/04/2015|Celta de Vigo|Real Madrid|2|42|76|10|15|3|3|0|0|73|76|74|72|84|86|85|81
33|27/04/2015|Valencia|Granada|0|65|25|11|3|7|0|0|0|78|79|77|76|73|71|73|71
34|28/04/2015|Barcelona|Getafe|0|81|36|16|7|9|3|0|0|84|87|84|81|72|72|72|72
34|28/04/2015|Athletic Club|Real Sociedad|1|46|39|10|6|7|1|0|0|78|77|79|78|77|78|75|76
34|28/04/2015|Levante|Córdoba|0|32|20|7|2|1|2|0|1|74|73|73|73|71|72|72|69
34|29/04/2015|Eibar|Sevilla|2|31|66|4|14|3|7|1|0|71|73|70|71|78|79|77|78
34|29/04/2015|Real Madrid|Almería|0|79|31|15|6|9|0|0|0|84|86|85|81|72|73|70|71
34|29/04/2015|Celta de Vigo|Málaga|0|42|47|10|3|3|0|0|0|73|76|74|72|75|76|73|74
34|29/04/2015|Elche|Deportivo de La Coruña|0|34|29|7|4|3|2|0|1|72|72|71|72|73|75|73|72
34|29/04/2015|Villarreal|Atlético de Madrid|2|53|72|4|16|1|7|0|0|75|77|75|75|80|79|80|80
34|30/04/2015|Rayo Vallecano|Valencia|1|41|68|9|11|6|4|0|0|74|73|74|74|78|79|77|76
34|30/04/2015|Granada|Espanyol|2|25|42|3|9|3|5|0|0|73|71|73|71|73|74|72|72
35|01/05/2015|Real Sociedad|Levante|0|40|35|4|10|5|6|0|0|77|78|75|76|74|73|73|73
35|02/05/2015|Córdoba|Barcelona|2|20|84|2|16|0|7|1|0|71|72|72|69|84|87|84|81
35|02/05/2015|Atlético de Madrid|Athletic Club|1|75|47|16|8|9|3|0|0|80|79|80|80|78|77|79|78
35|02/05/2015|Sevilla|Real Madrid|2|69|82|14|18|7|6|0|0|78|79|77|78|84|86|85|81
35|02/05/2015|Deportivo de La Coruña|Villarreal|1|29|53|3|4|2|3|1|0|73|75|73|72|75|77|75|75
35|03/05/2015|Espanyol|Rayo Vallecano|1|45|42|11|7|4|3|0|0|73|74|72|72|74|73|74|74
35|03/05/2015|Getafe|Granada|2|36|25|7|2|4|0|0|0|72|72|72|72|73|71|73|71
35|03/05/2015|Valencia|Eibar|0|69|31|9|3|7|1|0|1|78|79|77|76|71|73|70|71
35|03/05/2015|Málaga|Elche|2|47|37|3|10|3|4|0|0|75|76|73|74|72|72|71|72
35|04/05/2015|Almería|Celta de Vigo|1|31|45|6|10|6|7|0|0|72|73|70|71|73|76|74|72
36|08/05/2015|Eibar|Espanyol|2|31|46|3|11|3|7|1|0|71|73|70|71|73|74|72|72
36|09/05/2015|Granada|Córdoba|0|28|20|5|2|2|2|0|1|73|71|73|71|71|72|72|69
36|09/05/2015|Barcelona|Real Sociedad|0|87|43|16|6|9|1|0|0|84|87|84|81|77|78|75|76
36|09/05/2015|Real Madrid|Valencia|1|85|72|18|11|9|2|0|0|84|86|85|81|78|79|77|76
36|09/05/2015|Athletic Club|Deportivo de La Coruña|1|48|30|9|4|5|2|0|1|78|77|79|78|73|75|73|72
36|10/05/2015|Levante|Atlético de Madrid|1|35|76|7|14|4|7|0|0|74|73|73|73|80|79|80|80
36|10/05/2015|Villarreal|Elche|0|54|40|4|12|1|6|0|0|75|77|75|75|72|72|71|72
36|10/05/2015|Almería|Málaga|2|32|47|7|2|7|0|0|0|72|73|70|71|75|76|73|74
36|10/05/2015|Celta de Vigo|Sevilla|1|46|69|11|11|6|7|0|0|73|76|74|72|78|79|77|78
36|11/05/2015|Rayo Vallecano|Getafe|0|43|36|5|4|4|3|0|0|74|73|74|74|72|72|72|72
37|17/05/2015|Villarreal|Málaga|0|57|50|7|5|4|3|0|0|75|77|75|75|75|76|73|74
37|17/05/2015|Elche|Athletic Club|2|40|49|12|9|6|4|0|0|72|72|71|72|78|77|79|78
37|17/05/2015|Deportivo de La Coruña|Levante|0|31|36|4|8|2|3|1|0|73|75|73|72|74|73|73|73
37|17/05/2015|Atlético de Madrid|Barcelona|2|77|90|12|16|7|7|0|0|80|79|80|80|84|87|84|81
37|17/05/2015|Real Sociedad|Granada|2|43|31|6|7|5|3|0|0|77|78|75|76|73|71|73|71
37|17/05/2015|Córdoba|Rayo Vallecano|2|20|46|1|8|0|1|1|0|71|72|72|69|74|73|74|74
37|17/05/2015|Getafe|Eibar|1|36|31|1|0|1|0|0|1|72|72|72|72|71|73|70|71
37|17/05/2015|Espanyol|Real Madrid|2|49|86|11|16|4|9|0|0|73|74|72|72|84|86|85|81
37|17/05/2015|Valencia|Celta de Vigo|1|73|47|11|11|9|5|0|0|78|79|77|76|73|76|74|72
37|17/05/2015|Sevilla|Almería|0|70|32|9|7|4|0|0|0|78|79|77|78|72|73|70|71
38|23/05/2015|Levante|Elche|1|36|40|8|9|5|3|0|0|74|73|73|73|72|72|71|72
38|23/05/2015|Athletic Club|Villarreal|0|52|60|12|9|5|3|0|0|78|77|79|78|75|77|75|75
38|23/05/2015|Barcelona|Deportivo de La Coruña|1|93|34|18|6|9|2|0|1|84|87|84|81|73|75|73|72
38|23/05/2015|Granada|Atlético de Madrid|1|34|77|10|11|4|7|0|0|73|71|73|71|80|79|80|80
38|23/05/2015|Rayo Vallecano|Real Sociedad|2|49|43|11|5|7|1|0|0|74|73|74|74|77|78|75|76
38|23/05/2015|Eibar|Córdoba|0|32|20|1|1|0|1|1|1|71|73|70|71|71|72|72|69
38|23/05/2015|Celta de Vigo|Espanyol|0|48|49|9|8|4|7|0|0|73|76|74|72|73|74|72|72
38|23/05/2015|Almería|Valencia|2|32|74|4|9|4|2|0|0|72|73|70|71|78|79|77|76
38|23/05/2015|Málaga|Sevilla|2|50|73|4|11|2|5|0|0|75|76|73|74|78|79|77|78
38|23/05/2015|Real Madrid|Getafe|0|89|37|16|1|7|0|0|0|84|86|85|81|72|72|72|72
