1|29/08/2009|Real Madrid|Deportivo de La Coruña|0|0|0|0|0|0|0|0|0|83|79|78|76|76|73|71|70
1|31/08/2009|Barcelona|Sporting de Gijón|0|0|0|0|0|0|0|0|0|84|75|76|75|73|72|71|68
1|30/08/2009|Málaga|Atlético de Madrid|0|0|0|0|0|0|0|0|0|74|74|69|69|79|77|73|74
1|30/08/2009|Valencia|Sevilla|0|0|0|0|0|0|0|0|0|80|79|77|75|79|74|77|73
1|30/08/2009|Mallorca|Xerez|0|0|0|0|0|0|0|0|1|73|71|71|72|72|69|66|67
1|30/08/2009|Almería|Valladolid|1|0|0|0|0|0|0|0|0|74|71|70|69|74|71|72|72
1|30/08/2009|Racing de Santander|Getafe|2|0|0|0|0|0|0|0|0|75|69|70|67|75|76|73|74
1|30/08/2009|Osasuna|Villarreal|1|0|0|0|0|0|0|0|0|74|71|72|72|78|79|77|76
1|29/08/2009|Real Zaragoza|Tenerife|0|0|0|0|0|0|0|1|1|74|71|70|69|72|68|70|68
1|30/08/2009|Athletic Club|Espanyol|0|0|0|0|0|0|0|0|0|75|67|71|68|75|75|70|65
2|13/09/2009|Xerez|Athletic Club|2|0|3|0|3|0|0|1|0|72|69|66|67|75|67|71|68
2|13/09/2009|Deportivo de La Coruña|Málaga|0|0|3|0|3|0|0|0|0|76|73|71|70|74|74|69|69
2|12/09/2009|Espanyol|Real Madrid|2|0|3|0|3|0|0|0|0|75|75|70|65|83|79|78|76
2|13/09/2009|Villarreal|Mallorca|1|1|3|1|3|0|0|0|0|78|79|77|76|73|71|71|72
2|13/09/2009|Tenerife|Osasuna|0|0|1|0|1|0|0|1|0|72|68|70|68|74|71|72|72
2|12/09/2009|Sevilla|Real Zaragoza|0|0|3|0|3|0|0|0|1|79|74|77|73|74|71|70|69
2|13/09/2009|Valladolid|Valencia|2|1|3|1|3|0|0|0|0|74|71|72|72|80|79|77|75
2|13/09/2009|Sporting de Gijón|Almería|0|0|1|0|1|0|0|0|0|73|72|71|68|74|71|70|69
2|12/09/2009|Getafe|Barcelona|2|3|3|3|3|0|0|0|0|75|76|73|74|84|75|76|75
2|12/09/2009|Atlético de Madrid|Racing de Santander|1|0|0|0|0|0|0|0|0|79|77|73|74|75|69|70|67
3|19/09/2009|Deportivo de La Coruña|Espanyol|2|3|0|3|0|3|0|0|0|76|73|71|70|75|75|70|65
3|20/09/2009|Real Madrid|Xerez|0|6|0|6|0|3|0|0|1|83|79|78|76|72|69|66|67
3|20/09/2009|Athletic Club|Villarreal|0|6|2|6|2|3|1|0|0|75|67|71|68|78|79|77|76
3|19/09/2009|Mallorca|Tenerife|0|4|3|4|3|3|0|0|1|73|71|71|72|72|68|70|68
3|19/09/2009|Osasuna|Sevilla|2|1|3|1|3|1|0|0|0|74|71|72|72|79|74|77|73
3|20/09/2009|Real Zaragoza|Valladolid|2|3|1|3|1|3|1|1|0|74|71|70|69|74|71|72|72
3|20/09/2009|Valencia|Sporting de Gijón|1|6|3|6|3|3|0|0|0|80|79|77|75|73|72|71|68
3|20/09/2009|Almería|Getafe|0|1|3|1|3|1|3|0|0|74|71|70|69|75|76|73|74
3|19/09/2009|Barcelona|Atlético de Madrid|0|6|1|6|1|3|0|0|0|84|75|76|75|79|77|73|74
3|19/09/2009|Málaga|Racing de Santander|2|3|1|3|1|3|1|0|0|74|74|69|69|75|69|70|67
4|23/09/2009|Espanyol|Málaga|0|3|3|3|3|0|0|0|0|75|75|70|65|74|74|69|69
4|23/09/2009|Xerez|Deportivo de La Coruña|2|0|3|0|3|0|0|1|0|72|69|66|67|76|73|71|70
4|23/09/2009|Villarreal|Real Madrid|2|2|9|2|9|1|3|0|0|78|79|77|76|83|79|78|76
4|23/09/2009|Tenerife|Athletic Club|0|3|9|3|9|3|3|1|0|72|68|70|68|75|67|71|68
4|22/09/2009|Sevilla|Mallorca|0|6|7|6|7|3|1|0|0|79|74|77|73|73|71|71|72
4|23/09/2009|Valladolid|Osasuna|2|4|1|4|1|0|0|0|0|74|71|72|72|74|71|72|72
4|24/09/2009|Sporting de Gijón|Real Zaragoza|1|4|3|4|3|3|0|0|1|73|72|71|68|74|71|70|69
4|23/09/2009|Getafe|Valencia|0|3|7|3|7|0|3|0|0|75|76|73|74|80|79|77|75
4|23/09/2009|Atlético de Madrid|Almería|1|1|4|1|4|1|0|0|0|79|77|73|74|74|71|70|69
4|22/09/2009|Racing de Santander|Barcelona|2|4|9|4|9|0|3|0|0|75|69|70|67|84|75|76|75
5|27/09/2009|Espanyol|Xerez|1|6|0|6|0|3|0|0|1|75|75|70|65|72|69|66|67
5|27/09/2009|Deportivo de La Coruña|Villarreal|0|6|2|6|2|3|1|0|0|76|73|71|70|78|79|77|76
5|26/09/2009|Real Madrid|Tenerife|0|12|6|12|6|6|0|0|1|83|79|78|76|72|68|70|68
5|26/09/2009|Athletic Club|Sevilla|2|9|9|9|9|6|3|0|0|75|67|71|68|79|74|77|73
5|27/09/2009|Mallorca|Valladolid|0|7|4|7|4|6|4|0|0|73|71|71|72|74|71|72|72
5|27/09/2009|Osasuna|Sporting de Gijón|0|4|5|4|5|1|1|0|0|74|71|72|72|73|72|71|68
5|27/09/2009|Real Zaragoza|Getafe|0|4|6|4|6|3|3|1|0|74|71|70|69|75|76|73|74
5|26/09/2009|Valencia|Atlético de Madrid|1|7|2|7|2|4|0|0|0|80|79|77|75|79|77|73|74
5|27/09/2009|Almería|Racing de Santander|1|5|4|5|4|4|4|0|0|74|71|70|69|75|69|70|67
5|26/09/2009|Málaga|Barcelona|2|3|12|3|12|3|6|0|0|74|74|69|69|84|75|76|75
6|04/10/2009|Xerez|Málaga|1|1|3|1|3|0|0|1|0|72|69|66|67|74|74|69|69
6|04/10/2009|Villarreal|Espanyol|1|2|7|2|7|1|3|0|0|78|79|77|76|75|75|70|65
6|03/10/2009|Tenerife|Deportivo de La Coruña|2|6|9|6|9|6|3|1|0|72|68|70|68|76|73|71|70
6|04/10/2009|Sevilla|Real Madrid|0|12|15|12|15|6|6|0|0|79|74|77|73|83|79|78|76
6|04/10/2009|Valladolid|Athletic Club|1|4|9|4|9|0|3|0|0|74|71|72|72|75|67|71|68
6|04/10/2009|Sporting de Gijón|Mallorca|0|5|10|5|10|4|1|0|0|73|72|71|68|73|71|71|72
6|04/10/2009|Getafe|Osasuna|0|6|7|6|7|3|3|0|0|75|76|73|74|74|71|72|72
6|03/10/2009|Atlético de Madrid|Real Zaragoza|0|3|7|3|7|2|1|0|1|79|77|73|74|74|71|70|69
6|04/10/2009|Racing de Santander|Valencia|2|5|8|5|8|0|3|0|0|75|69|70|67|80|79|77|75
6|03/10/2009|Barcelona|Almería|0|15|6|15|6|6|1|0|0|84|75|76|75|74|71|70|69
7|18/10/2009|Xerez|Villarreal|0|2|3|2|3|1|1|1|0|72|69|66|67|78|79|77|76
7|18/10/2009|Espanyol|Tenerife|0|8|6|8|6|4|0|0|1|75|75|70|65|72|68|70|68
7|17/10/2009|Deportivo de La Coruña|Sevilla|0|12|15|12|15|6|6|0|0|76|73|71|70|79|74|77|73
7|17/10/2009|Real Madrid|Valladolid|0|15|5|15|5|9|4|0|0|83|79|78|76|74|71|72|72
7|18/10/2009|Athletic Club|Sporting de Gijón|2|10|8|10|8|6|1|0|0|75|67|71|68|73|72|71|68
7|18/10/2009|Mallorca|Getafe|0|10|9|10|9|9|3|0|0|73|71|71|72|75|76|73|74
7|18/10/2009|Osasuna|Atlético de Madrid|0|7|6|7|6|4|1|0|0|74|71|72|72|79|77|73|74
7|18/10/2009|Real Zaragoza|Racing de Santander|1|7|5|7|5|6|5|1|0|74|71|70|69|75|69|70|67
7|17/10/2009|Valencia|Barcelona|1|11|18|11|18|5|9|0|0|80|79|77|75|84|75|76|75
7|18/10/2009|Málaga|Almería|2|4|6|4|6|3|1|0|0|74|74|69|69|74|71|70|69
8|24/10/2009|Sevilla|Espanyol|1|15|11|15|11|9|4|0|0|79|74|77|73|75|75|70|65
8|25/10/2009|Valladolid|Deportivo de La Coruña|0|5|15|4|15|1|6|0|0|74|71|72|72|76|73|71|70
8|24/10/2009|Sporting de Gijón|Real Madrid|1|11|18|11|15|7|6|0|0|73|72|71|68|83|79|78|76
8|25/10/2009|Getafe|Athletic Club|0|9|10|6|7|6|4|0|0|75|76|73|74|75|67|71|68
8|24/10/2009|Atlético de Madrid|Mallorca|1|6|13|6|10|5|1|0|0|79|77|73|74|73|71|71|72
8|25/10/2009|Racing de Santander|Osasuna|1|6|10|6|9|0|3|0|0|75|69|70|67|74|71|72|72
8|25/10/2009|Barcelona|Real Zaragoza|0|19|8|16|5|9|1|0|1|84|75|76|75|74|71|70|69
8|25/10/2009|Almería|Valencia|2|9|12|8|9|5|6|0|0|74|71|70|69|80|79|77|75
8|25/10/2009|Tenerife|Xerez|0|6|5|6|5|6|1|1|1|72|68|70|68|72|69|66|67
8|25/10/2009|Villarreal|Málaga|0|3|4|2|1|2|1|0|0|78|79|77|76|74|74|69|69
9|01/11/2009|Real Zaragoza|Almería|0|8|9|5|8|4|4|1|0|74|71|70|69|74|71|70|69
9|01/11/2009|Málaga|Valencia|2|4|15|1|9|0|6|0|0|74|74|69|69|80|79|77|75
9|01/11/2009|Villarreal|Tenerife|0|6|9|4|6|4|0|0|1|78|79|77|76|72|68|70|68
9|31/10/2009|Xerez|Sevilla|2|5|16|5|13|4|6|1|0|72|69|66|67|79|74|77|73
9|01/11/2009|Espanyol|Valladolid|1|12|8|12|7|7|3|0|0|75|75|70|65|74|71|72|72
9|01/11/2009|Deportivo de La Coruña|Sporting de Gijón|1|15|12|12|9|6|4|0|0|76|73|71|70|73|72|71|68
9|31/10/2009|Real Madrid|Getafe|0|19|12|13|9|9|0|0|0|83|79|78|76|75|76|73|74
9|31/10/2009|Athletic Club|Atlético de Madrid|0|10|7|4|6|3|1|0|0|75|67|71|68|79|77|73|74
9|01/11/2009|Mallorca|Racing de Santander|0|14|7|10|6|9|5|0|0|73|71|71|72|75|69|70|67
9|31/10/2009|Osasuna|Barcelona|1|11|22|10|16|6|7|0|0|74|71|72|72|84|75|76|75
10|07/11/2009|Barcelona|Mallorca|0|23|17|14|10|9|1|0|0|84|75|76|75|73|71|71|72
10|08/11/2009|Almería|Osasuna|0|9|12|5|11|4|4|0|0|74|71|70|69|74|71|72|72
10|08/11/2009|Valencia|Real Zaragoza|0|18|11|11|8|3|1|0|1|80|79|77|75|74|71|70|69
10|07/11/2009|Tenerife|Málaga|1|9|4|6|1|6|1|1|0|72|68|70|68|74|74|69|69
10|08/11/2009|Sevilla|Villarreal|0|19|9|13|7|7|0|0|0|79|74|77|73|78|79|77|76
10|08/11/2009|Valladolid|Xerez|1|9|5|5|5|4|1|0|1|74|71|72|72|72|69|66|67
10|08/11/2009|Sporting de Gijón|Espanyol|0|13|13|9|10|5|5|0|0|73|72|71|68|75|75|70|65
10|07/11/2009|Getafe|Deportivo de La Coruña|2|12|16|9|13|9|6|0|0|75|76|73|74|76|73|71|70
10|07/11/2009|Atlético de Madrid|Real Madrid|2|7|22|6|13|5|4|0|0|79|77|73|74|83|79|78|76
10|08/11/2009|Racing de Santander|Athletic Club|2|7|13|3|4|1|1|0|0|75|69|70|67|75|67|71|68
11|21/11/2009|Tenerife|Sevilla|2|10|22|4|13|4|6|1|0|72|68|70|68|79|74|77|73
11|22/11/2009|Villarreal|Valladolid|0|9|10|7|6|7|1|0|0|78|79|77|76|74|71|72|72
11|22/11/2009|Xerez|Sporting de Gijón|1|6|16|6|11|4|4|1|0|72|69|66|67|73|72|71|68
11|22/11/2009|Espanyol|Getafe|2|13|12|7|6|5|0|0|0|75|75|70|65|75|76|73|74
11|21/11/2009|Deportivo de La Coruña|Atlético de Madrid|0|19|7|13|5|7|1|0|0|76|73|71|70|79|77|73|74
11|21/11/2009|Real Madrid|Racing de Santander|0|25|7|13|3|9|2|0|0|83|79|78|76|75|69|70|67
11|21/11/2009|Athletic Club|Barcelona|1|16|26|7|14|3|5|0|0|75|67|71|68|84|75|76|75
11|22/11/2009|Mallorca|Almería|0|17|12|10|7|9|3|0|0|73|71|71|72|74|71|70|69
11|22/11/2009|Osasuna|Valencia|2|12|21|8|14|7|9|0|0|74|71|72|72|80|79|77|75
11|22/11/2009|Málaga|Real Zaragoza|1|5|11|2|7|0|0|0|1|74|74|69|69|74|71|70|69
12|28/11/2009|Sevilla|Málaga|1|25|6|13|3|7|2|0|0|79|74|77|73|74|74|69|69
12|29/11/2009|Valladolid|Tenerife|1|10|10|6|4|5|0|0|1|74|71|72|72|72|68|70|68
12|28/11/2009|Sporting de Gijón|Villarreal|0|17|12|12|10|7|0|0|0|73|72|71|68|78|79|77|76
12|29/11/2009|Getafe|Xerez|0|15|7|9|6|6|2|0|1|75|76|73|74|72|69|66|67
12|29/11/2009|Atlético de Madrid|Espanyol|0|7|13|4|6|4|2|0|0|79|77|73|74|75|75|70|65
12|29/11/2009|Racing de Santander|Deportivo de La Coruña|2|7|22|2|13|1|6|0|0|75|69|70|67|76|73|71|70
12|29/11/2009|Barcelona|Real Madrid|0|27|28|12|13|9|4|0|0|84|75|76|75|83|79|78|76
12|29/11/2009|Almería|Athletic Club|2|12|17|6|8|4|4|0|0|74|71|70|69|75|67|71|68
12|28/11/2009|Valencia|Mallorca|1|24|20|16|10|5|1|0|0|80|79|77|75|73|71|71|72
12|29/11/2009|Real Zaragoza|Osasuna|2|12|12|5|5|7|1|1|0|74|71|70|69|74|71|72|72
13|05/12/2009|Sevilla|Valladolid|1|26|11|11|6|5|1|0|0|79|74|77|73|74|71|72|72
13|06/12/2009|Tenerife|Sporting de Gijón|0|11|20|5|12|4|5|1|0|72|68|70|68|73|72|71|68
13|06/12/2009|Villarreal|Getafe|0|12|18|9|9|9|3|0|0|78|79|77|76|75|76|73|74
13|05/12/2009|Xerez|Atlético de Madrid|2|7|10|5|4|4|0|1|0|72|69|66|67|79|77|73|74
13|06/12/2009|Espanyol|Racing de Santander|2|13|7|5|2|4|1|0|0|75|75|70|65|75|69|70|67
13|05/12/2009|Deportivo de La Coruña|Barcelona|2|25|30|13|12|7|3|0|0|76|73|71|70|84|75|76|75
13|05/12/2009|Real Madrid|Almería|0|28|12|13|6|9|3|0|0|83|79|78|76|74|71|70|69
13|06/12/2009|Athletic Club|Valencia|2|20|25|10|14|4|9|0|0|75|67|71|68|80|79|77|75
13|06/12/2009|Mallorca|Real Zaragoza|0|21|12|11|5|9|1|0|1|73|71|71|72|74|71|70|69
13|06/12/2009|Málaga|Osasuna|1|7|15|3|8|1|4|0|0|74|74|69|69|74|71|72|72
14|13/12/2009|Valladolid|Málaga|1|12|8|7|4|5|2|0|0|74|71|72|72|74|74|69|69
14|13/12/2009|Sporting de Gijón|Sevilla|2|20|27|9|12|7|6|0|0|73|72|71|68|79|74|77|73
14|13/12/2009|Getafe|Tenerife|0|18|14|9|8|6|1|0|1|75|76|73|74|72|68|70|68
14|13/12/2009|Atlético de Madrid|Villarreal|2|13|15|7|12|4|0|0|0|79|77|73|74|78|79|77|76
14|13/12/2009|Racing de Santander|Xerez|0|10|7|4|2|1|1|0|1|75|69|70|67|72|69|66|67
14|12/12/2009|Barcelona|Espanyol|0|33|13|14|2|9|1|0|0|84|75|76|75|75|75|70|65
14|13/12/2009|Almería|Deportivo de La Coruña|1|12|25|3|10|3|6|0|0|74|71|70|69|76|73|71|70
14|12/12/2009|Valencia|Real Madrid|2|28|31|16|13|5|4|0|0|80|79|77|75|83|79|78|76
14|12/12/2009|Real Zaragoza|Athletic Club|2|12|20|4|10|4|6|1|0|74|71|70|69|75|67|71|68
14|13/12/2009|Osasuna|Mallorca|2|16|24|6|11|4|2|0|0|74|71|72|72|73|71|71|72
15|20/12/2009|Valladolid|Sporting de Gijón|0|13|20|5|8|3|2|0|0|74|71|72|72|73|72|71|68
15|19/12/2009|Sevilla|Getafe|2|30|21|14|9|5|3|0|0|79|74|77|73|75|76|73|74
15|20/12/2009|Tenerife|Atlético de Madrid|1|14|13|5|6|4|3|1|0|72|68|70|68|79|77|73|74
15|20/12/2009|Villarreal|Racing de Santander|0|18|13|12|6|9|3|0|0|78|79|77|76|75|69|70|67
15|02/12/2009|Xerez|Barcelona|2|7|36|2|14|1|5|1|0|72|69|66|67|84|75|76|75
15|20/12/2009|Espanyol|Almería|0|13|13|1|4|1|0|0|0|75|75|70|65|74|71|70|69
15|20/12/2009|Deportivo de La Coruña|Valencia|1|26|28|11|13|4|9|0|0|76|73|71|70|80|79|77|75
15|19/12/2009|Real Madrid|Real Zaragoza|0|34|12|15|4|9|1|0|1|83|79|78|76|74|71|70|69
15|19/12/2009|Athletic Club|Osasuna|0|23|16|13|5|4|4|0|0|75|67|71|68|74|71|72|72
15|20/12/2009|Málaga|Mallorca|0|9|27|5|13|2|4|0|0|74|74|69|69|73|71|71|72
16|03/01/2010|Sporting de Gijón|Málaga|1|20|12|7|8|6|3|0|0|73|72|71|68|74|74|69|69
16|03/01/2010|Getafe|Valladolid|0|24|16|12|7|6|2|0|0|75|76|73|74|74|71|72|72
16|02/01/2010|Atlético de Madrid|Sevilla|0|14|30|7|11|3|9|0|0|79|77|73|74|79|74|77|73
16|03/01/2010|Racing de Santander|Tenerife|0|13|15|6|6|3|1|0|1|75|69|70|67|72|68|70|68
16|02/01/2010|Barcelona|Villarreal|1|39|21|16|12|9|3|0|0|84|75|76|75|78|79|77|76
16|03/01/2010|Almería|Xerez|0|13|7|4|2|4|1|0|1|74|71|70|69|72|69|66|67
16|02/01/2010|Valencia|Espanyol|0|29|16|11|3|4|0|0|0|80|79|77|75|75|75|70|65
16|03/01/2010|Real Zaragoza|Deportivo de La Coruña|1|12|27|1|11|3|7|1|0|74|71|70|69|76|73|71|70
16|03/01/2010|Osasuna|Real Madrid|1|16|37|4|15|1|6|0|0|74|71|72|72|83|79|78|76
16|03/01/2010|Mallorca|Athletic Club|0|27|26|10|13|9|9|0|0|73|71|71|72|75|67|71|68
17|10/01/2010|Sporting de Gijón|Getafe|0|21|27|5|15|4|6|0|0|73|72|71|68|75|76|73|74
17|09/01/2010|Valladolid|Atlético de Madrid|2|16|17|6|10|5|4|0|0|74|71|72|72|79|77|73|74
17|09/01/2010|Sevilla|Racing de Santander|2|30|16|8|9|2|3|0|0|79|74|77|73|75|69|70|67
17|10/01/2010|Tenerife|Barcelona|2|15|40|5|14|4|7|1|0|72|68|70|68|84|75|76|75
17|09/01/2010|Villarreal|Almería|1|22|16|13|4|9|0|0|0|78|79|77|76|74|71|70|69
17|10/01/2010|Xerez|Valencia|2|7|32|1|11|1|7|1|0|72|69|66|67|80|79|77|75
17|10/01/2010|Espanyol|Real Zaragoza|0|16|13|3|2|3|1|0|1|75|75|70|65|74|71|70|69
17|10/01/2010|Deportivo de La Coruña|Osasuna|0|28|17|9|5|4|4|0|0|76|73|71|70|74|71|72|72
17|10/01/2010|Real Madrid|Mallorca|0|38|30|13|13|9|4|0|0|83|79|78|76|73|71|71|72
17|10/01/2010|Málaga|Athletic Club|1|13|26|8|10|5|6|0|0|74|74|69|69|75|67|71|68
18|17/01/2010|Málaga|Getafe|0|14|27|8|12|5|3|0|0|74|74|69|69|75|76|73|74
18|17/01/2010|Atlético de Madrid|Sporting de Gijón|0|20|24|13|7|6|1|0|0|79|77|73|74|73|72|71|68
18|17/01/2010|Racing de Santander|Valladolid|1|19|16|12|6|6|1|0|0|75|69|70|67|74|71|72|72
18|16/01/2010|Barcelona|Sevilla|0|43|30|16|5|7|6|0|0|84|75|76|75|79|74|77|73
18|17/01/2010|Almería|Tenerife|1|17|15|5|5|4|1|0|1|74|71|70|69|72|68|70|68
18|17/01/2010|Valencia|Villarreal|0|35|23|11|11|4|4|0|0|80|79|77|75|78|79|77|76
18|17/01/2010|Real Zaragoza|Xerez|1|13|7|1|0|1|0|1|1|74|71|70|69|72|69|66|67
18|16/01/2010|Osasuna|Espanyol|0|17|19|5|6|1|0|0|0|74|71|72|72|75|75|70|65
18|17/01/2010|Mallorca|Deportivo de La Coruña|0|30|31|10|9|9|5|0|0|73|71|71|72|76|73|71|70
18|16/01/2010|Athletic Club|Real Madrid|0|27|41|10|13|4|4|0|0|75|67|71|68|83|79|78|76
19|24/01/2010|Getafe|Atlético de Madrid|0|27|23|9|13|9|7|0|0|75|76|73|74|79|77|73|74
19|24/01/2010|Sporting de Gijón|Racing de Santander|2|24|20|4|13|4|6|0|0|73|72|71|68|75|69|70|67
19|23/01/2010|Valladolid|Barcelona|2|17|46|6|16|4|9|0|0|74|71|72|72|84|75|76|75
19|23/01/2010|Sevilla|Almería|0|30|18|4|6|1|1|0|0|79|74|77|73|74|71|70|69
19|24/01/2010|Tenerife|Valencia|1|16|38|5|13|4|7|1|0|72|68|70|68|80|79|77|75
19|24/01/2010|Villarreal|Real Zaragoza|0|23|14|11|2|7|0|0|1|78|79|77|76|74|71|70|69
19|24/01/2010|Xerez|Osasuna|2|8|20|1|5|0|1|1|0|72|69|66|67|74|71|72|72
19|24/01/2010|Espanyol|Mallorca|1|19|33|6|12|6|3|0|0|75|75|70|65|73|71|71|72
19|23/01/2010|Deportivo de La Coruña|Athletic Club|0|31|30|6|10|4|4|0|0|76|73|71|70|75|67|71|68
19|24/01/2010|Real Madrid|Málaga|0|41|17|13|10|9|3|0|0|83|79|78|76|74|74|69|69
20|30/01/2010|Deportivo de La Coruña|Real Madrid|2|34|44|9|13|7|4|0|0|76|73|71|70|83|79|78|76
20|30/01/2010|Sporting de Gijón|Barcelona|2|24|49|4|16|4|9|0|0|73|72|71|68|84|75|76|75
20|31/01/2010|Atlético de Madrid|Málaga|2|23|17|10|9|6|2|0|0|79|77|73|74|74|74|69|69
20|31/01/2010|Sevilla|Valencia|0|33|39|6|11|3|5|0|0|79|74|77|73|80|79|77|75
20|31/01/2010|Xerez|Mallorca|0|8|34|1|10|0|1|1|0|72|69|66|67|73|71|71|72
20|31/01/2010|Valladolid|Almería|1|17|18|5|6|3|1|0|0|74|71|72|72|74|71|70|69
20|31/01/2010|Getafe|Racing de Santander|1|30|23|12|13|9|6|0|0|75|76|73|74|75|69|70|67
20|31/01/2010|Villarreal|Osasuna|2|26|23|11|7|7|3|0|0|78|79|77|76|74|71|72|72
20|31/01/2010|Tenerife|Real Zaragoza|2|17|14|3|2|2|0|1|1|72|68|70|68|74|71|70|69
20|30/01/2010|Espanyol|Athletic Club|0|20|30|7|10|7|1|0|0|75|75|70|65|75|67|71|68
21|07/02/2010|Athletic Club|Xerez|0|30|11|7|4|6|1|0|1|75|67|71|68|72|69|66|67
21|07/02/2010|Málaga|Deportivo de La Coruña|1|20|34|11|8|7|2|0|0|74|74|69|69|76|73|71|70
21|06/02/2010|Real Madrid|Espanyol|0|47|23|13|10|9|0|0|0|83|79|78|76|75|75|70|65
21|07/02/2010|Mallorca|Villarreal|0|34|26|7|8|9|4|0|0|73|71|71|72|78|79|77|76
21|07/02/2010|Osasuna|Tenerife|0|26|17|10|3|4|1|0|1|74|71|72|72|72|68|70|68
21|07/02/2010|Real Zaragoza|Sevilla|0|17|36|5|6|2|3|1|0|74|71|70|69|79|74|77|73
21|06/02/2010|Valencia|Valladolid|0|39|18|11|5|6|2|0|0|80|79|77|75|74|71|72|72
21|07/02/2010|Almería|Sporting de Gijón|0|19|24|6|4|5|0|0|0|74|71|70|69|73|72|71|68
21|06/02/2010|Barcelona|Getafe|0|52|31|16|10|7|3|0|0|84|75|76|75|75|76|73|74
21|07/02/2010|Racing de Santander|Atlético de Madrid|1|24|23|11|10|7|4|0|0|75|69|70|67|79|77|73|74
22|14/02/2010|Espanyol|Deportivo de La Coruña|0|23|35|7|8|7|2|0|0|75|75|70|65|76|73|71|70
22|13/02/2010|Xerez|Real Madrid|2|11|50|4|13|3|4|1|0|72|69|66|67|83|79|78|76
22|13/02/2010|Villarreal|Athletic Club|0|26|33|5|7|4|1|0|0|78|79|77|76|75|67|71|68
22|15/02/2010|Tenerife|Mallorca|0|17|37|2|10|1|1|1|0|72|68|70|68|73|71|71|72
22|14/02/2010|Sevilla|Osasuna|0|36|29|6|13|6|6|0|0|79|74|77|73|74|71|72|72
22|14/02/2010|Valladolid|Real Zaragoza|1|18|20|2|8|1|3|0|1|74|71|72|72|74|71|70|69
22|13/02/2010|Sporting de Gijón|Valencia|1|24|42|4|13|3|4|0|0|73|72|71|68|80|79|77|75
22|14/02/2010|Getafe|Almería|1|31|22|7|9|7|2|0|0|75|76|73|74|74|71|70|69
22|14/02/2010|Atlético de Madrid|Barcelona|0|24|55|10|16|6|9|0|0|79|77|73|74|84|75|76|75
22|14/02/2010|Racing de Santander|Málaga|2|25|21|12|9|5|4|0|0|75|69|70|67|74|74|69|69
23|21/02/2010|Málaga|Espanyol|0|24|26|11|10|5|0|0|0|74|74|69|69|75|75|70|65
23|20/02/2010|Deportivo de La Coruña|Xerez|0|35|11|7|4|6|1|0|1|76|73|71|70|72|69|66|67
23|21/02/2010|Real Madrid|Villarreal|0|53|29|15|7|9|1|0|0|83|79|78|76|78|79|77|76
23|21/02/2010|Athletic Club|Tenerife|0|33|20|7|5|9|1|0|1|75|67|71|68|72|68|70|68
23|20/02/2010|Mallorca|Sevilla|2|37|39|7|9|9|0|0|0|73|71|71|72|79|74|77|73
23|21/02/2010|Osasuna|Valladolid|1|29|19|12|3|7|1|0|0|74|71|72|72|74|71|72|72
23|21/02/2010|Real Zaragoza|Sporting de Gijón|2|21|25|8|4|5|0|1|0|74|71|70|69|73|72|71|68
23|22/02/2010|Valencia|Getafe|0|43|32|11|5|9|0|0|0|80|79|77|75|75|76|73|74
23|21/02/2010|Almería|Atlético de Madrid|0|23|27|7|10|7|4|0|0|74|71|70|69|79|77|73|74
23|20/02/2010|Barcelona|Racing de Santander|0|55|25|15|9|7|7|0|0|84|75|76|75|75|69|70|67
24|28/02/2010|Xerez|Espanyol|1|11|26|4|7|3|0|1|0|72|69|66|67|75|75|70|65
24|28/02/2010|Villarreal|Deportivo de La Coruña|0|29|38|6|7|6|1|0|0|78|79|77|76|76|73|71|70
24|27/02/2010|Tenerife|Real Madrid|2|20|56|5|15|4|6|1|0|72|68|70|68|83|79|78|76
24|28/02/2010|Sevilla|Athletic Club|1|42|36|12|9|9|0|0|0|79|74|77|73|75|67|71|68
24|28/02/2010|Valladolid|Mallorca|2|20|37|4|7|2|1|0|0|74|71|72|72|73|71|71|72
24|28/02/2010|Sporting de Gijón|Osasuna|0|28|30|4|13|1|6|0|0|73|72|71|68|74|71|72|72
24|27/02/2010|Getafe|Real Zaragoza|2|32|21|5|8|5|4|0|1|75|76|73|74|74|71|70|69
24|28/02/2010|Atlético de Madrid|Valencia|0|27|46|7|11|6|2|0|0|79|77|73|74|80|79|77|75
24|28/02/2010|Racing de Santander|Almería|2|25|26|6|9|2|2|0|0|75|69|70|67|74|71|70|69
24|27/02/2010|Barcelona|Málaga|0|58|27|15|13|9|6|0|0|84|75|76|75|74|74|69|69
25|07/03/2010|Málaga|Xerez|2|27|12|10|4|7|1|0|1|74|74|69|69|72|69|66|67
25|07/03/2010|Espanyol|Villarreal|1|27|32|8|9|7|0|0|0|75|75|70|65|78|79|77|76
25|06/03/2010|Deportivo de La Coruña|Tenerife|0|38|20|7|4|6|1|0|1|76|73|71|70|72|68|70|68
25|06/03/2010|Real Madrid|Sevilla|0|59|43|18|13|9|3|0|0|83|79|78|76|79|74|77|73
25|07/03/2010|Athletic Club|Valladolid|0|37|20|7|3|9|2|0|0|75|67|71|68|74|71|72|72
25|07/03/2010|Mallorca|Sporting de Gijón|0|40|31|7|7|6|3|0|0|73|71|71|72|73|72|71|68
25|07/03/2010|Osasuna|Getafe|1|30|32|10|5|7|0|0|0|74|71|72|72|75|76|73|74
25|07/03/2010|Real Zaragoza|Atlético de Madrid|1|24|30|10|7|4|1|1|0|74|71|70|69|79|77|73|74
25|08/03/2010|Valencia|Racing de Santander|1|46|25|8|5|9|4|0|0|80|79|77|75|75|69|70|67
25|06/03/2010|Almería|Barcelona|1|29|61|11|15|7|6|0|0|74|71|70|69|84|75|76|75
26|14/03/2010|Villarreal|Xerez|0|33|15|7|7|6|3|0|1|78|79|77|76|72|69|66|67
26|14/03/2010|Tenerife|Espanyol|0|20|28|3|8|3|1|1|0|72|68|70|68|75|75|70|65
26|13/03/2010|Sevilla|Deportivo de La Coruña|1|43|41|10|7|7|1|0|0|79|74|77|73|76|73|71|70
26|14/03/2010|Valladolid|Real Madrid|2|20|62|3|18|2|9|0|0|74|71|72|72|83|79|78|76
26|13/03/2010|Sporting de Gijón|Athletic Club|1|31|40|7|10|4|1|0|0|73|72|71|68|75|67|71|68
26|13/03/2010|Getafe|Mallorca|0|33|43|3|9|2|3|0|0|75|76|73|74|73|71|71|72
26|15/03/2010|Atlético de Madrid|Osasuna|0|31|31|8|8|6|3|0|0|79|77|73|74|74|71|72|72
26|14/03/2010|Racing de Santander|Real Zaragoza|1|26|25|3|11|1|7|0|1|75|69|70|67|74|71|70|69
26|14/03/2010|Barcelona|Valencia|0|62|47|13|8|9|1|0|0|84|75|76|75|80|79|77|75
26|14/03/2010|Almería|Málaga|0|30|27|12|10|7|6|0|0|74|71|70|69|74|74|69|69
27|20/03/2010|Espanyol|Sevilla|0|28|44|5|8|7|3|0|0|75|75|70|65|79|74|77|73
27|20/03/2010|Deportivo de La Coruña|Valladolid|2|42|20|8|2|6|1|0|0|76|73|71|70|74|71|72|72
27|20/03/2010|Real Madrid|Sporting de Gijón|0|65|32|18|8|9|3|0|0|83|79|78|76|73|72|71|68
27|20/03/2010|Athletic Club|Getafe|1|41|36|11|5|9|1|0|0|75|67|71|68|75|76|73|74
27|21/03/2010|Mallorca|Atlético de Madrid|0|43|34|9|11|6|2|0|0|73|71|71|72|79|77|73|74
27|21/03/2010|Osasuna|Racing de Santander|2|31|27|5|3|5|2|0|0|74|71|72|72|75|69|70|67
27|21/03/2010|Real Zaragoza|Barcelona|2|26|65|9|13|4|4|1|0|74|71|70|69|84|75|76|75
27|21/03/2010|Valencia|Almería|0|47|33|8|14|7|5|0|0|80|79|77|75|74|71|70|69
27|20/03/2010|Xerez|Tenerife|0|15|23|4|6|4|0|1|1|72|69|66|67|72|68|70|68
27|21/03/2010|Málaga|Villarreal|0|27|36|7|10|4|1|0|0|74|74|69|69|78|79|77|76
28|24/03/2010|Almería|Real Zaragoza|0|33|26|11|6|7|5|0|1|74|71|70|69|74|71|70|69
28|24/03/2010|Valencia|Málaga|0|50|30|8|9|7|3|0|0|80|79|77|75|74|74|69|69
28|24/03/2010|Tenerife|Villarreal|1|23|36|6|10|6|1|1|0|72|68|70|68|78|79|77|76
28|23/03/2010|Sevilla|Xerez|1|44|18|8|7|5|3|0|1|79|74|77|73|72|69|66|67
28|24/03/2010|Valladolid|Espanyol|1|23|31|5|8|1|1|0|0|74|71|72|72|75|75|70|65
28|23/03/2010|Sporting de Gijón|Deportivo de La Coruña|0|32|42|8|7|5|1|0|0|73|72|71|68|76|73|71|70
28|25/03/2010|Getafe|Real Madrid|2|37|68|6|18|4|9|0|0|75|76|73|74|83|79|78|76
28|25/03/2010|Atlético de Madrid|Athletic Club|0|34|42|10|9|9|2|0|0|79|77|73|74|75|67|71|68
28|24/03/2010|Racing de Santander|Mallorca|1|30|46|5|9|1|3|0|0|75|69|70|67|73|71|71|72
28|24/03/2010|Barcelona|Osasuna|0|68|31|13|2|9|0|0|0|84|75|76|75|74|71|72|72
29|27/03/2010|Mallorca|Barcelona|2|47|71|10|16|6|4|0|0|73|71|71|72|84|75|76|75
29|28/03/2010|Osasuna|Almería|0|31|36|2|13|2|4|0|0|74|71|72|72|74|71|70|69
29|27/03/2010|Real Zaragoza|Valencia|0|26|53|5|10|1|1|1|0|74|71|70|69|80|79|77|75
29|27/03/2010|Málaga|Tenerife|1|30|24|6|4|6|0|0|1|74|74|69|69|72|68|70|68
29|28/03/2010|Villarreal|Sevilla|0|37|45|8|6|9|3|0|0|78|79|77|76|79|74|77|73
29|28/03/2010|Xerez|Valladolid|0|19|24|8|5|4|4|1|0|72|69|66|67|74|71|72|72
29|28/03/2010|Espanyol|Sporting de Gijón|1|32|35|6|10|7|3|0|0|75|75|70|65|73|72|71|68
29|28/03/2010|Deportivo de La Coruña|Getafe|2|42|37|7|5|6|2|0|0|76|73|71|70|75|76|73|74
29|28/03/2010|Real Madrid|Atlético de Madrid|0|71|37|18|10|9|1|0|0|83|79|78|76|79|77|73|74
29|29/03/2010|Athletic Club|Racing de Santander|0|42|31|9|6|7|4|0|0|75|67|71|68|75|69|70|67
30|03/04/2010|Sevilla|Tenerife|0|45|25|3|5|3|1|0|1|79|74|77|73|72|68|70|68
30|04/04/2010|Valladolid|Villarreal|2|24|40|4|11|1|2|0|0|74|71|72|72|78|79|77|76
30|04/04/2010|Sporting de Gijón|Xerez|1|36|22|8|11|7|4|0|1|73|72|71|68|72|69|66|67
30|04/04/2010|Getafe|Espanyol|1|40|33|8|7|3|2|0|0|75|76|73|74|75|75|70|65
30|04/04/2010|Atlético de Madrid|Deportivo de La Coruña|0|37|42|10|4|9|1|0|0|79|77|73|74|76|73|71|70
30|04/04/2010|Racing de Santander|Real Madrid|2|31|74|6|18|2|9|0|0|75|69|70|67|83|79|78|76
30|03/04/2010|Barcelona|Athletic Club|0|74|45|16|9|9|2|0|0|84|75|76|75|75|67|71|68
30|04/04/2010|Almería|Mallorca|1|36|47|10|10|7|4|0|0|74|71|70|69|73|71|71|72
30|04/04/2010|Valencia|Osasuna|0|53|34|7|4|7|0|0|0|80|79|77|75|74|71|72|72
30|03/04/2010|Real Zaragoza|Málaga|0|29|31|8|4|4|0|1|0|74|71|70|69|74|74|69|69
31|10/04/2010|Málaga|Sevilla|2|31|48|4|5|4|0|0|0|74|74|69|69|79|74|77|73
31|10/04/2010|Tenerife|Valladolid|1|25|24|5|4|4|3|1|0|72|68|70|68|74|71|72|72
31|10/04/2010|Villarreal|Sporting de Gijón|0|43|37|11|6|9|1|0|0|78|79|77|76|73|72|71|68
31|10/04/2010|Xerez|Getafe|2|23|41|11|9|7|5|1|0|72|69|66|67|75|76|73|74
31|11/04/2010|Espanyol|Atlético de Madrid|0|34|40|7|10|5|1|0|0|75|75|70|65|79|77|73|74
31|11/04/2010|Deportivo de La Coruña|Racing de Santander|1|42|31|4|6|3|4|0|0|76|73|71|70|75|69|70|67
31|10/04/2010|Real Madrid|Barcelona|2|77|77|18|16|9|7|0|0|83|79|78|76|84|75|76|75
31|11/04/2010|Athletic Club|Almería|0|45|37|8|8|7|3|0|0|75|67|71|68|74|71|70|69
31|11/04/2010|Mallorca|Valencia|0|48|56|8|10|6|0|0|0|73|71|71|72|80|79|77|75
31|11/04/2010|Osasuna|Real Zaragoza|0|34|32|4|8|4|4|0|1|74|71|72|72|74|71|70|69
32|13/04/2010|Valladolid|Sevilla|0|25|51|5|8|1|3|0|0|74|71|72|72|79|74|77|73
32|13/04/2010|Sporting de Gijón|Tenerife|2|37|26|6|6|5|1|0|1|73|72|71|68|72|68|70|68
32|13/04/2010|Getafe|Villarreal|0|44|46|11|13|4|4|0|0|75|76|73|74|78|79|77|76
32|14/04/2010|Atlético de Madrid|Xerez|2|40|23|9|8|9|2|0|1|79|77|73|74|72|69|66|67
32|14/04/2010|Racing de Santander|Espanyol|0|32|37|6|9|2|2|0|0|75|69|70|67|75|75|70|65
32|14/04/2010|Barcelona|Deportivo de La Coruña|0|80|43|18|2|9|1|0|0|84|75|76|75|76|73|71|70
32|15/04/2010|Almería|Real Madrid|2|37|77|7|15|7|9|0|0|74|71|70|69|83|79|78|76
32|15/04/2010|Valencia|Athletic Club|0|56|48|9|8|9|1|0|0|80|79|77|75|75|67|71|68
32|14/04/2010|Real Zaragoza|Mallorca|1|32|51|7|8|6|2|1|0|74|71|70|69|73|71|71|72
32|14/04/2010|Osasuna|Málaga|1|37|31|6|4|6|0|0|0|74|71|72|72|74|74|69|69
33|18/04/2010|Málaga|Valladolid|1|32|28|5|8|4|4|0|0|74|74|69|69|74|71|72|72
33|17/04/2010|Sevilla|Sporting de Gijón|0|51|37|7|5|5|1|0|0|79|74|77|73|73|72|71|68
33|18/04/2010|Tenerife|Getafe|0|29|47|6|11|5|7|1|0|72|68|70|68|75|76|73|74
33|17/04/2010|Villarreal|Atlético de Madrid|0|46|40|10|6|9|0|0|0|78|79|77|76|79|77|73|74
33|18/04/2010|Xerez|Racing de Santander|1|26|35|11|8|6|4|1|0|72|69|66|67|75|69|70|67
33|17/04/2010|Espanyol|Barcelona|1|37|83|9|18|7|9|0|0|75|75|70|65|84|75|76|75
33|18/04/2010|Deportivo de La Coruña|Almería|1|43|37|1|4|1|0|0|0|76|73|71|70|74|71|70|69
33|18/04/2010|Real Madrid|Valencia|0|80|59|15|12|6|0|0|0|83|79|78|76|80|79|77|75
33|18/04/2010|Athletic Club|Real Zaragoza|1|48|33|7|7|7|1|0|1|75|67|71|68|74|71|70|69
33|19/04/2010|Mallorca|Osasuna|0|52|38|9|7|6|0|0|0|73|71|71|72|74|71|72|72
34|25/04/2010|Sporting de Gijón|Valladolid|2|37|29|5|6|4|2|0|0|73|72|71|68|74|71|72|72
34|25/04/2010|Getafe|Sevilla|0|47|54|10|10|4|3|0|0|75|76|73|74|79|74|77|73
34|25/04/2010|Atlético de Madrid|Tenerife|0|40|32|6|9|6|4|0|1|79|77|73|74|72|68|70|68
34|25/04/2010|Racing de Santander|Villarreal|2|36|49|6|13|4|4|0|0|75|69|70|67|78|79|77|76
34|24/04/2010|Barcelona|Xerez|0|84|27|16|9|9|5|0|1|84|75|76|75|72|69|66|67
34|25/04/2010|Almería|Espanyol|2|38|38|5|7|4|2|0|0|74|71|70|69|75|75|70|65
34|24/04/2010|Valencia|Deportivo de La Coruña|0|59|44|9|2|9|0|0|0|80|79|77|75|76|73|71|70
34|24/04/2010|Real Zaragoza|Real Madrid|2|34|83|8|15|7|9|1|0|74|71|70|69|83|79|78|76
34|26/04/2010|Osasuna|Athletic Club|1|38|49|7|7|7|0|0|0|74|71|72|72|75|67|71|68
34|25/04/2010|Mallorca|Málaga|1|55|33|9|3|6|1|0|0|73|71|71|72|74|74|69|69
35|01/05/2010|Málaga|Sporting de Gijón|1|34|37|4|2|2|1|0|0|74|74|69|69|73|72|71|68
35|01/05/2010|Valladolid|Getafe|1|32|50|8|13|4|6|0|0|74|71|72|72|75|76|73|74
35|02/05/2010|Sevilla|Atlético de Madrid|0|54|43|9|6|7|0|0|0|79|74|77|73|79|77|73|74
35|01/05/2010|Tenerife|Racing de Santander|0|32|36|8|5|5|2|1|0|72|68|70|68|75|69|70|67
35|01/05/2010|Villarreal|Barcelona|2|52|87|15|16|9|7|0|0|78|79|77|76|84|75|76|75
35|01/05/2010|Xerez|Almería|0|27|38|8|2|4|1|1|0|72|69|66|67|74|71|70|69
35|01/05/2010|Espanyol|Valencia|2|41|62|9|9|5|0|0|0|75|75|70|65|80|79|77|75
35|01/05/2010|Deportivo de La Coruña|Real Zaragoza|2|44|34|2|8|2|1|0|1|76|73|71|70|74|71|70|69
35|02/05/2010|Real Madrid|Osasuna|0|86|39|15|8|6|0|0|0|83|79|78|76|74|71|72|72
35|02/05/2010|Athletic Club|Mallorca|2|50|56|8|9|7|3|0|0|75|67|71|68|73|71|71|72
36|04/05/2010|Getafe|Sporting de Gijón|1|51|38|11|2|7|1|0|0|75|76|73|74|73|72|71|68
36|05/05/2010|Atlético de Madrid|Valladolid|0|43|33|6|9|6|5|0|0|79|77|73|74|74|71|72|72
36|05/05/2010|Racing de Santander|Sevilla|2|36|57|5|12|3|3|0|0|75|69|70|67|79|74|77|73
36|04/05/2010|Barcelona|Tenerife|0|90|35|16|10|9|3|0|1|84|75|76|75|72|68|70|68
36|04/05/2010|Almería|Villarreal|0|38|52|2|12|1|6|0|0|74|71|70|69|78|79|77|76
36|04/05/2010|Valencia|Xerez|0|65|30|12|8|9|4|0|1|80|79|77|75|72|69|66|67
36|05/05/2010|Real Zaragoza|Espanyol|0|37|41|8|8|4|4|1|0|74|71|70|69|75|75|70|65
36|05/05/2010|Osasuna|Deportivo de La Coruña|0|39|44|5|2|5|0|0|0|74|71|72|72|76|73|71|70
36|05/05/2010|Mallorca|Real Madrid|2|59|89|12|15|7|9|0|0|73|71|71|72|83|79|78|76
36|05/05/2010|Athletic Club|Málaga|1|50|35|5|4|4|2|0|0|75|67|71|68|74|74|69|69
37|08/05/2010|Getafe|Málaga|0|52|36|11|5|7|3|0|0|75|76|73|74|74|74|69|69
37|08/05/2010|Sporting de Gijón|Atlético de Madrid|1|39|46|2|6|1|0|0|0|73|72|71|68|79|77|73|74
37|08/05/2010|Valladolid|Racing de Santander|0|33|36|9|5|4|2|0|0|74|71|72|72|75|69|70|67
37|08/05/2010|Sevilla|Barcelona|2|60|93|12|16|9|7|0|0|79|74|77|73|84|75|76|75
37|08/05/2010|Tenerife|Almería|1|35|41|10|4|7|1|1|0|72|68|70|68|74|71|70|69
37|08/05/2010|Villarreal|Valencia|0|52|68|9|12|6|3|0|0|78|79|77|76|80|79|77|75
37|08/05/2010|Xerez|Real Zaragoza|0|30|40|7|8|4|4|1|1|72|69|66|67|74|71|70|69
37|08/05/2010|Espanyol|Osasuna|0|41|42|7|8|4|0|0|0|75|75|70|65|74|71|72|72
37|08/05/2010|Deportivo de La Coruña|Mallorca|0|44|59|2|11|2|5|0|0|76|73|71|70|73|71|71|72
37|08/05/2010|Real Madrid|Athletic Club|0|92|51|15|6|6|1|0|0|83|79|78|76|75|67|71|68
38|15/05/2010|Atlético de Madrid|Getafe|2|47|55|7|11|6|4|0|0|79|77|73|74|75|76|73|74
38|16/05/2010|Racing de Santander|Sporting de Gijón|0|36|40|4|3|3|2|0|0|75|69|70|67|73|72|71|68
38|16/05/2010|Barcelona|Valladolid|0|96|36|16|11|9|4|0|0|84|75|76|75|74|71|72|72
38|15/05/2010|Almería|Sevilla|2|42|60|5|9|3|3|0|0|74|71|70|69|79|74|77|73
38|16/05/2010|Valencia|Tenerife|0|68|36|12|10|9|3|0|1|80|79|77|75|72|68|70|68
38|15/05/2010|Real Zaragoza|Villarreal|1|40|55|8|9|4|3|1|0|74|71|70|69|78|79|77|76
38|16/05/2010|Osasuna|Xerez|1|42|33|5|10|5|3|0|1|74|71|72|72|72|69|66|67
38|15/05/2010|Mallorca|Espanyol|0|59|44|8|7|4|3|0|0|73|71|71|72|75|75|70|65
38|15/05/2010|Athletic Club|Deportivo de La Coruña|0|51|47|3|4|2|0|0|0|75|67|71|68|76|73|71|70
38|16/05/2010|Málaga|Real Madrid|1|36|95|5|18|2|9|0|0|74|74|69|69|83|79|78|76
