1|28/08/2010|Hércules|Athletic Club|2|0|0|0|0|0|0|1|0|73|72|70|71|76|69|70|70
1|28/08/2010|Levante|Sevilla|2|0|0|0|0|0|0|1|0|72|67|66|68|79|73|74|74
1|28/08/2010|Málaga|Valencia|2|0|0|0|0|0|0|0|0|73|68|71|69|79|76|73|72
1|29/08/2010|Deportivo de La Coruña|Real Zaragoza|1|0|0|0|0|0|0|0|0|75|70|70|70|74|68|68|68
1|29/08/2010|Espanyol|Getafe|0|0|0|0|0|0|0|0|0|74|71|68|67|75|68|71|69
1|29/08/2010|Mallorca|Real Madrid|1|0|0|0|0|0|0|0|0|74|69|67|67|83|74|79|76
1|29/08/2010|Osasuna|Almería|1|0|0|0|0|0|0|0|0|74|65|70|68|74|68|69|67
1|29/08/2010|Racing de Santander|Barcelona|2|0|0|0|0|0|0|0|0|73|68|69|69|83|82|80|80
1|29/08/2010|Real Sociedad|Villarreal|0|0|0|0|0|0|0|1|0|72|68|68|67|78|78|76|73
1|30/08/2010|Atlético de Madrid|Sporting de Gijón|0|0|0|0|0|0|0|0|0|79|75|70|72|74|71|67|68
2|12/09/2010|Sporting de Gijón|Mallorca|0|0|1|0|1|0|0|0|0|74|71|67|68|74|69|67|67
2|11/09/2010|Athletic Club|Atlético de Madrid|2|3|3|3|3|0|0|0|0|76|69|70|70|79|75|70|72
2|11/09/2010|Barcelona|Hércules|2|3|0|3|0|0|0|0|1|83|82|80|80|73|72|70|71
2|11/09/2010|Valencia|Racing de Santander|0|3|0|3|0|0|0|0|0|79|76|73|72|73|68|69|69
2|12/09/2010|Real Zaragoza|Málaga|2|1|0|1|0|0|0|0|0|74|68|68|68|73|68|71|69
2|12/09/2010|Sevilla|Deportivo de La Coruña|1|3|1|3|1|0|0|0|0|79|73|74|74|75|70|70|70
2|12/09/2010|Getafe|Levante|0|0|0|0|0|0|0|0|1|75|68|71|69|72|67|66|68
2|12/09/2010|Villarreal|Espanyol|0|0|3|0|3|0|0|0|0|78|78|76|73|74|71|68|67
2|13/09/2010|Almería|Real Sociedad|1|1|3|1|3|0|0|0|1|74|68|69|67|72|68|68|67
2|11/09/2010|Real Madrid|Osasuna|0|1|1|1|1|0|0|0|0|83|74|79|76|74|65|70|68
3|18/09/2010|Sporting de Gijón|Athletic Club|1|3|3|3|3|3|3|0|0|74|71|67|68|76|69|70|70
3|19/09/2010|Atlético de Madrid|Barcelona|2|6|3|6|3|3|3|0|0|79|75|70|72|83|82|80|80
3|19/09/2010|Hércules|Valencia|2|3|6|3|6|0|3|1|0|73|72|70|71|79|76|73|72
3|19/09/2010|Racing de Santander|Real Zaragoza|0|0|1|0|1|0|1|0|0|73|68|69|69|74|68|68|68
3|19/09/2010|Málaga|Sevilla|2|3|4|3|4|0|3|0|0|73|68|71|69|79|73|74|74
3|20/09/2010|Deportivo de La Coruña|Getafe|1|2|3|2|3|1|0|0|0|75|70|70|70|75|68|71|69
3|19/09/2010|Levante|Villarreal|2|0|3|0|3|0|0|1|0|72|67|66|68|78|78|76|73
3|18/09/2010|Espanyol|Almería|0|3|2|3|2|3|1|0|0|74|71|68|67|74|68|69|67
3|18/09/2010|Real Sociedad|Real Madrid|2|4|4|4|4|3|1|1|0|72|68|68|67|83|74|79|76
3|18/09/2010|Mallorca|Osasuna|0|1|1|1|1|1|0|0|0|74|69|67|67|74|65|70|68
4|21/09/2010|Athletic Club|Mallorca|0|4|4|4|4|0|0|0|0|76|69|70|70|74|69|67|67
4|22/09/2010|Barcelona|Sporting de Gijón|0|6|4|6|4|0|0|0|0|83|82|80|80|74|71|67|68
4|22/09/2010|Valencia|Atlético de Madrid|1|9|6|9|6|3|3|0|0|79|76|73|72|79|75|70|72
4|22/09/2010|Real Zaragoza|Hércules|1|1|3|1|3|0|3|0|1|74|68|68|68|73|72|70|71
4|23/09/2010|Sevilla|Racing de Santander|1|7|3|7|3|1|0|0|0|79|73|74|74|73|68|69|69
4|23/09/2010|Getafe|Málaga|2|4|3|4|3|3|3|0|0|75|68|71|69|73|68|71|69
4|23/09/2010|Villarreal|Deportivo de La Coruña|0|6|3|6|3|3|1|0|0|78|78|76|73|75|70|70|70
4|22/09/2010|Almería|Levante|2|2|0|2|0|1|0|0|1|74|68|69|67|72|67|66|68
4|21/09/2010|Real Madrid|Espanyol|0|7|6|7|6|3|0|0|0|83|74|79|76|74|71|68|67
4|21/09/2010|Osasuna|Real Sociedad|0|1|4|1|4|1|1|0|1|74|65|70|68|72|68|68|67
5|25/09/2010|Athletic Club|Barcelona|2|7|9|7|9|3|6|0|0|76|69|70|70|83|82|80|80
5|25/09/2010|Sporting de Gijón|Valencia|2|4|10|4|10|4|6|0|0|74|71|67|68|79|76|73|72
5|26/09/2010|Atlético de Madrid|Real Zaragoza|0|7|2|7|2|3|1|0|0|79|75|70|72|74|68|68|68
5|26/09/2010|Hércules|Sevilla|0|4|8|4|8|0|6|1|0|73|72|70|71|79|73|74|74
5|26/09/2010|Racing de Santander|Getafe|2|4|4|4|4|3|1|0|0|73|68|69|69|75|68|71|69
5|27/09/2010|Málaga|Villarreal|2|6|9|6|9|0|3|0|0|73|68|71|69|78|78|76|73
5|26/09/2010|Deportivo de La Coruña|Almería|2|3|2|3|2|2|1|0|0|75|70|70|70|74|68|69|67
5|25/09/2010|Levante|Real Madrid|1|3|10|3|10|0|4|1|0|72|67|66|68|83|74|79|76
5|26/09/2010|Espanyol|Osasuna|0|6|4|6|4|6|0|0|0|74|71|68|67|74|65|70|68
5|26/09/2010|Mallorca|Real Sociedad|0|4|4|4|4|4|1|0|1|74|69|67|67|72|68|68|67
6|03/10/2010|Barcelona|Mallorca|1|12|7|12|7|3|0|0|0|83|82|80|80|74|69|67|67
6|02/10/2010|Valencia|Athletic Club|0|13|7|13|7|4|4|0|0|79|76|73|72|76|69|70|70
6|02/10/2010|Real Zaragoza|Sporting de Gijón|1|2|4|2|4|1|0|0|0|74|68|68|68|74|71|67|68
6|03/10/2010|Sevilla|Atlético de Madrid|0|8|10|8|10|2|4|0|0|79|73|74|74|79|75|70|72
6|03/10/2010|Getafe|Hércules|0|7|7|7|7|3|4|0|1|75|68|71|69|73|72|70|71
6|03/10/2010|Villarreal|Racing de Santander|0|12|4|12|4|6|1|0|0|78|78|76|73|73|68|69|69
6|03/10/2010|Almería|Málaga|1|5|6|5|6|1|6|0|0|74|68|69|67|73|68|71|69
6|03/10/2010|Real Madrid|Deportivo de La Coruña|0|11|3|11|3|6|1|0|0|83|74|79|76|75|70|70|70
6|03/10/2010|Osasuna|Levante|1|4|4|4|4|4|3|0|1|74|65|70|68|72|67|66|68
6|02/10/2010|Real Sociedad|Espanyol|0|4|9|4|9|3|0|1|0|72|68|68|67|74|71|68|67
7|16/10/2010|Barcelona|Valencia|0|13|16|13|16|4|9|0|0|83|82|80|80|79|76|73|72
7|17/10/2010|Athletic Club|Real Zaragoza|0|7|3|7|3|3|1|0|0|76|69|70|70|74|68|68|68
7|17/10/2010|Sporting de Gijón|Sevilla|0|5|11|5|11|4|6|0|0|74|71|67|68|79|73|74|74
7|16/10/2010|Atlético de Madrid|Getafe|0|10|10|10|10|6|4|0|0|79|75|70|72|75|68|71|69
7|18/10/2010|Hércules|Villarreal|1|7|15|7|15|3|6|1|0|73|72|70|71|78|78|76|73
7|17/10/2010|Racing de Santander|Almería|0|4|6|4|6|3|4|0|0|73|68|69|69|74|68|69|67
7|16/10/2010|Málaga|Real Madrid|2|7|14|7|14|0|5|0|0|73|68|71|69|83|74|79|76
7|17/10/2010|Deportivo de La Coruña|Osasuna|1|3|5|3|5|2|0|0|0|75|70|70|70|74|65|70|68
7|17/10/2010|Levante|Real Sociedad|0|5|7|5|7|1|1|1|1|72|67|66|68|72|68|68|67
7|17/10/2010|Mallorca|Espanyol|2|8|9|8|9|7|0|0|0|74|69|67|67|74|71|68|67
8|23/10/2010|Valencia|Mallorca|2|16|8|13|7|7|1|0|0|79|76|73|72|74|69|67|67
8|23/10/2010|Real Zaragoza|Barcelona|2|3|16|2|13|2|9|0|0|74|68|68|68|83|82|80|80
8|24/10/2010|Sevilla|Athletic Club|0|11|10|8|7|5|4|0|0|79|73|74|74|76|69|70|70
8|24/10/2010|Getafe|Sporting de Gijón|0|10|8|10|8|6|1|0|0|75|68|71|69|74|71|67|68
8|24/10/2010|Villarreal|Atlético de Madrid|0|16|13|16|10|9|4|0|0|78|78|76|73|79|75|70|72
8|24/10/2010|Almería|Hércules|1|6|8|5|8|2|4|0|1|74|68|69|67|73|72|70|71
8|23/10/2010|Real Madrid|Racing de Santander|0|17|7|16|7|9|1|0|0|83|74|79|76|73|68|69|69
8|24/10/2010|Osasuna|Málaga|0|6|7|5|7|5|7|0|0|74|65|70|68|73|68|71|69
8|25/10/2010|Real Sociedad|Deportivo de La Coruña|0|7|4|4|3|6|1|1|0|72|68|68|67|75|70|70|70
8|24/10/2010|Espanyol|Levante|0|12|8|9|8|9|4|0|1|74|71|68|67|72|67|66|68
9|30/10/2010|Valencia|Real Zaragoza|1|16|3|10|2|4|0|0|0|79|76|73|72|74|68|68|68
9|30/10/2010|Barcelona|Sevilla|0|19|14|16|10|7|3|0|0|83|82|80|80|79|73|74|74
9|31/10/2010|Athletic Club|Getafe|0|10|13|7|10|6|4|0|0|76|69|70|70|75|68|71|69
9|31/10/2010|Sporting de Gijón|Villarreal|1|8|19|5|16|4|7|0|0|74|71|67|68|78|78|76|73
9|31/10/2010|Atlético de Madrid|Almería|1|13|7|7|5|6|3|0|0|79|75|70|72|74|68|69|67
9|30/10/2010|Hércules|Real Madrid|2|9|20|6|16|4|7|1|0|73|72|70|71|83|74|79|76
9|31/10/2010|Racing de Santander|Osasuna|0|7|9|7|8|6|1|0|0|73|68|69|69|74|65|70|68
9|31/10/2010|Málaga|Real Sociedad|2|7|10|4|6|0|0|0|1|73|68|71|69|72|68|68|67
9|31/10/2010|Deportivo de La Coruña|Espanyol|0|4|15|2|12|2|3|0|0|75|70|70|70|74|71|68|67
9|01/11/2010|Mallorca|Levante|0|11|8|10|8|6|4|0|1|74|69|67|67|72|67|66|68
10|07/11/2010|Real Zaragoza|Mallorca|0|4|14|3|10|2|4|0|0|74|68|68|68|74|69|67|67
10|08/11/2010|Sevilla|Valencia|0|14|17|7|8|7|6|0|0|79|73|74|74|79|76|73|72
10|07/11/2010|Getafe|Barcelona|2|13|22|9|16|6|9|0|0|75|68|71|69|83|82|80|80
10|07/11/2010|Villarreal|Athletic Club|0|20|13|14|9|9|1|0|0|78|78|76|73|76|69|70|70
10|07/11/2010|Almería|Sporting de Gijón|1|8|9|6|5|2|1|0|0|74|68|69|67|74|71|67|68
10|07/11/2010|Real Madrid|Atlético de Madrid|0|23|14|16|8|9|1|0|0|83|74|79|76|79|75|70|72
10|07/11/2010|Osasuna|Hércules|0|9|9|8|6|7|2|0|1|74|65|70|68|73|72|70|71
10|06/11/2010|Real Sociedad|Racing de Santander|0|13|10|9|7|6|1|1|0|72|68|68|67|73|68|69|69
10|06/11/2010|Espanyol|Málaga|0|15|7|9|4|9|4|0|0|74|71|68|67|73|68|71|69
10|07/11/2010|Levante|Deportivo de La Coruña|2|8|7|8|4|4|0|1|0|72|67|66|68|75|70|70|70
11|14/11/2010|Real Zaragoza|Sevilla|2|7|17|5|9|4|0|0|0|74|68|68|68|79|73|74|74
11|14/11/2010|Valencia|Getafe|0|17|13|7|9|4|3|0|0|79|76|73|72|75|68|71|69
11|13/11/2010|Barcelona|Villarreal|0|25|23|16|14|7|5|0|0|83|82|80|80|78|78|76|73
11|13/11/2010|Athletic Club|Almería|0|13|9|6|7|6|4|0|0|76|69|70|70|74|68|69|67
11|14/11/2010|Sporting de Gijón|Real Madrid|2|10|26|6|16|4|7|0|0|74|71|67|68|83|74|79|76
11|13/11/2010|Atlético de Madrid|Osasuna|0|14|12|7|8|7|1|0|0|79|75|70|72|74|65|70|68
11|14/11/2010|Hércules|Real Sociedad|0|9|16|5|12|4|3|1|1|73|72|70|71|72|68|68|67
11|14/11/2010|Racing de Santander|Espanyol|1|10|18|6|12|6|3|0|0|73|68|69|69|74|71|68|67
11|14/11/2010|Málaga|Levante|0|7|8|1|5|0|1|0|1|73|68|71|69|72|67|66|68
11|14/11/2010|Mallorca|Deportivo de La Coruña|1|14|10|10|7|6|3|0|0|74|69|67|67|75|70|70|70
12|21/11/2010|Sevilla|Mallorca|2|20|15|12|8|9|4|0|0|79|73|74|74|74|69|67|67
12|22/11/2010|Getafe|Real Zaragoza|1|13|7|6|5|6|1|0|0|75|68|71|69|74|68|68|68
12|20/11/2010|Villarreal|Valencia|1|23|20|11|7|9|3|0|0|78|78|76|73|79|76|73|72
12|20/11/2010|Almería|Barcelona|2|9|28|4|16|3|9|0|0|74|68|69|67|83|82|80|80
12|20/11/2010|Real Madrid|Athletic Club|0|29|16|18|9|9|0|0|0|83|74|79|76|76|69|70|70
12|21/11/2010|Osasuna|Sporting de Gijón|0|12|10|8|6|7|2|0|0|74|65|70|68|74|71|67|68
12|21/11/2010|Real Sociedad|Atlético de Madrid|2|16|17|12|7|9|0|1|0|72|68|68|67|79|75|70|72
12|21/11/2010|Espanyol|Hércules|0|19|12|10|5|9|1|0|1|74|71|68|67|73|72|70|71
12|21/11/2010|Levante|Racing de Santander|0|8|11|4|7|4|0|1|0|72|67|66|68|73|68|69|69
12|21/11/2010|Deportivo de La Coruña|Málaga|0|11|10|8|4|4|1|0|0|75|70|70|70|73|68|71|69
13|27/11/2010|Sevilla|Getafe|2|20|14|9|4|6|0|0|0|79|73|74|74|75|68|71|69
13|27/11/2010|Real Zaragoza|Villarreal|2|8|24|5|9|3|2|0|0|74|68|68|68|78|78|76|73
13|28/11/2010|Valencia|Almería|0|21|9|5|3|4|1|0|0|79|76|73|72|74|68|69|67
13|29/11/2010|Barcelona|Real Madrid|0|31|32|18|18|9|9|0|0|83|82|80|80|83|74|79|76
13|28/11/2010|Athletic Club|Osasuna|0|16|15|9|10|9|1|0|0|76|69|70|70|74|65|70|68
13|28/11/2010|Sporting de Gijón|Real Sociedad|2|10|16|5|9|4|3|0|1|74|71|67|68|72|68|68|67
13|27/11/2010|Atlético de Madrid|Espanyol|2|20|22|10|13|7|4|0|0|79|75|70|72|74|71|68|67
13|28/11/2010|Hércules|Levante|0|12|11|5|6|4|0|1|1|73|72|70|71|72|67|66|68
13|28/11/2010|Racing de Santander|Deportivo de La Coruña|0|11|14|7|11|7|4|0|0|73|68|69|69|75|70|70|70
13|28/11/2010|Mallorca|Málaga|0|18|10|10|3|4|0|0|0|74|69|67|67|73|68|71|69
14|05/12/2010|Getafe|Mallorca|0|17|21|7|13|4|6|0|0|75|68|71|69|74|69|67|67
14|05/12/2010|Villarreal|Sevilla|0|27|20|11|9|7|3|0|0|78|78|76|73|79|73|74|74
14|05/12/2010|Almería|Real Zaragoza|1|9|8|3|5|2|2|0|0|74|68|69|67|74|68|68|68
14|04/12/2010|Real Madrid|Valencia|0|32|24|15|8|9|1|0|0|83|74|79|76|79|76|73|72
14|04/12/2010|Osasuna|Barcelona|2|15|34|9|18|9|9|0|0|74|65|70|68|83|82|80|80
14|05/12/2010|Real Sociedad|Athletic Club|0|19|19|12|9|6|0|1|0|72|68|68|67|76|69|70|70
14|05/12/2010|Espanyol|Sporting de Gijón|0|25|10|13|2|9|1|0|0|74|71|68|67|74|71|67|68
14|04/12/2010|Levante|Atlético de Madrid|0|11|20|3|7|6|3|1|0|72|67|66|68|79|75|70|72
14|06/12/2010|Deportivo de La Coruña|Hércules|0|14|15|10|7|7|1|0|1|75|70|70|70|73|72|70|71
14|05/12/2010|Málaga|Racing de Santander|0|10|14|3|7|3|0|0|0|73|68|71|69|73|68|69|69
15|11/12/2010|Getafe|Villarreal|0|20|30|7|11|4|4|0|0|75|68|71|69|78|78|76|73
15|11/12/2010|Sevilla|Almería|2|20|10|6|3|3|1|0|0|79|73|74|74|74|68|69|67
15|12/12/2010|Real Zaragoza|Real Madrid|2|9|35|6|15|3|6|0|0|74|68|68|68|83|74|79|76
15|13/12/2010|Valencia|Osasuna|1|24|15|8|6|7|0|0|0|79|76|73|72|74|65|70|68
15|12/12/2010|Barcelona|Real Sociedad|0|37|22|18|12|9|6|0|1|83|82|80|80|72|68|68|67
15|12/12/2010|Athletic Club|Espanyol|0|19|28|9|13|9|4|0|0|76|69|70|70|74|71|68|67
15|12/12/2010|Sporting de Gijón|Levante|1|10|14|2|6|1|0|0|1|74|71|67|68|72|67|66|68
15|11/12/2010|Atlético de Madrid|Deportivo de La Coruña|0|20|17|7|13|4|4|0|0|79|75|70|72|75|70|70|70
15|12/12/2010|Hércules|Málaga|0|15|13|6|6|6|0|1|0|73|72|70|71|73|68|71|69
15|12/12/2010|Mallorca|Racing de Santander|2|21|14|10|7|7|0|0|0|74|69|67|67|73|68|69|69
16|18/12/2010|Villarreal|Mallorca|0|30|21|10|7|7|3|0|0|78|78|76|73|74|69|67|67
16|19/12/2010|Almería|Getafe|2|13|23|5|10|2|3|0|0|74|68|69|67|75|68|71|69
16|19/12/2010|Real Madrid|Sevilla|0|38|20|15|6|9|3|0|0|83|74|79|76|79|73|74|74
16|19/12/2010|Osasuna|Real Zaragoza|1|16|9|7|5|6|3|0|0|74|65|70|68|74|68|68|68
16|18/12/2010|Real Sociedad|Valencia|2|22|25|9|8|6|1|1|0|72|68|68|67|79|76|73|72
16|18/12/2010|Espanyol|Barcelona|2|28|40|13|18|9|9|0|0|74|71|68|67|83|82|80|80
16|18/12/2010|Levante|Athletic Club|2|15|22|7|9|6|0|1|0|72|67|66|68|76|69|70|70
16|18/12/2010|Deportivo de La Coruña|Sporting de Gijón|1|17|11|10|2|9|1|0|0|75|70|70|70|74|71|67|68
16|19/12/2010|Málaga|Atlético de Madrid|2|13|23|6|9|6|3|0|0|73|68|71|69|79|75|70|72
16|20/12/2010|Racing de Santander|Hércules|1|17|18|7|9|7|0|0|1|73|68|69|69|73|72|70|71
17|03/01/2011|Villarreal|Almería|0|33|13|10|4|7|3|0|0|78|78|76|73|74|68|69|67
17|03/01/2011|Getafe|Real Madrid|2|26|41|13|15|7|6|0|0|75|68|71|69|83|74|79|76
17|02/01/2011|Sevilla|Osasuna|0|20|17|3|5|0|1|0|0|79|73|74|74|74|65|70|68
17|03/01/2011|Real Zaragoza|Real Sociedad|0|10|22|3|6|0|3|0|1|74|68|68|68|72|68|68|67
17|02/01/2011|Valencia|Espanyol|0|28|28|11|10|7|4|0|0|79|76|73|72|74|71|68|67
17|02/01/2011|Barcelona|Levante|0|43|15|18|7|9|1|0|1|83|82|80|80|72|67|66|68
17|02/01/2011|Athletic Club|Deportivo de La Coruña|2|25|18|12|8|9|1|0|0|76|69|70|70|75|70|70|70
17|02/01/2011|Sporting de Gijón|Málaga|2|12|13|2|6|1|0|0|0|74|71|67|68|73|68|71|69
17|03/01/2011|Atlético de Madrid|Racing de Santander|1|26|18|12|8|6|3|0|0|79|75|70|72|73|68|69|69
17|03/01/2011|Mallorca|Hércules|0|21|19|7|10|4|1|0|1|74|69|67|67|73|72|70|71
18|09/01/2011|Mallorca|Almería|0|24|13|9|4|6|3|0|0|74|69|67|67|74|68|69|67
18|09/01/2011|Real Madrid|Villarreal|0|44|36|15|13|9|3|0|0|83|74|79|76|78|78|76|73
18|09/01/2011|Osasuna|Getafe|1|17|26|5|13|4|6|0|0|74|65|70|68|75|68|71|69
18|08/01/2011|Real Sociedad|Sevilla|2|22|23|6|3|3|3|1|0|72|68|68|67|79|73|74|74
18|09/01/2011|Espanyol|Real Zaragoza|0|28|13|9|6|6|3|0|0|74|71|68|67|74|68|68|68
18|09/01/2011|Levante|Valencia|2|15|31|7|11|6|4|1|0|72|67|66|68|79|76|73|72
18|08/01/2011|Deportivo de La Coruña|Barcelona|2|21|46|10|18|7|9|0|0|75|70|70|70|83|82|80|80
18|08/01/2011|Málaga|Athletic Club|1|16|25|6|9|6|3|0|0|73|68|71|69|76|69|70|70
18|09/01/2011|Racing de Santander|Sporting de Gijón|1|19|12|8|2|5|1|0|0|73|68|69|69|74|71|67|68
18|10/01/2011|Hércules|Atlético de Madrid|0|19|27|7|10|9|6|1|0|73|72|70|71|79|75|70|72
19|16/01/2011|Almería|Real Madrid|1|13|47|4|15|1|6|0|0|74|68|69|67|83|74|79|76
19|15/01/2011|Villarreal|Osasuna|0|36|18|12|3|9|1|0|0|78|78|76|73|74|65|70|68
19|15/01/2011|Getafe|Real Sociedad|2|27|22|13|6|6|3|0|1|75|68|71|69|72|68|68|67
19|15/01/2011|Sevilla|Espanyol|2|26|31|6|9|3|3|0|0|79|73|74|74|74|71|68|67
19|15/01/2011|Real Zaragoza|Levante|0|13|15|5|4|3|1|0|1|74|68|68|68|72|67|66|68
19|16/01/2011|Valencia|Deportivo de La Coruña|0|34|21|13|7|7|3|0|0|79|76|73|72|75|70|70|70
19|16/01/2011|Barcelona|Málaga|0|49|17|18|7|9|3|0|0|83|82|80|80|73|68|71|69
19|15/01/2011|Athletic Club|Racing de Santander|0|26|20|10|9|6|4|0|0|76|69|70|70|73|68|69|69
19|15/01/2011|Sporting de Gijón|Hércules|0|13|22|3|10|1|1|0|1|74|71|67|68|73|72|70|71
19|17/01/2011|Atlético de Madrid|Mallorca|0|27|27|7|9|4|3|0|0|79|75|70|72|74|69|67|67
20|23/01/2011|Sporting de Gijón|Atlético de Madrid|0|16|30|6|10|4|3|0|0|74|71|67|68|79|75|70|72
20|24/01/2011|Athletic Club|Hércules|0|29|22|10|7|6|1|0|1|76|69|70|70|73|72|70|71
20|22/01/2011|Barcelona|Racing de Santander|0|52|20|18|6|9|4|0|0|83|82|80|80|73|68|69|69
20|22/01/2011|Valencia|Málaga|0|37|17|13|7|7|3|0|0|79|76|73|72|73|68|71|69
20|23/01/2011|Real Zaragoza|Deportivo de La Coruña|0|16|21|8|7|6|3|0|0|74|68|68|68|75|70|70|70
20|22/01/2011|Sevilla|Levante|0|26|15|6|4|3|1|0|1|79|73|74|74|72|67|66|68
20|23/01/2011|Getafe|Espanyol|2|27|34|10|9|3|3|0|0|75|68|71|69|74|71|68|67
20|23/01/2011|Villarreal|Real Sociedad|0|39|25|12|6|9|3|0|1|78|78|76|73|72|68|68|67
20|23/01/2011|Almería|Osasuna|0|14|18|5|3|2|1|0|0|74|68|69|67|74|65|70|68
20|23/01/2011|Real Madrid|Mallorca|0|48|27|16|6|9|0|0|0|83|74|79|76|74|69|67|67
21|29/01/2011|Mallorca|Sporting de Gijón|2|27|19|6|9|6|2|0|0|74|69|67|67|74|71|67|68
21|30/01/2011|Atlético de Madrid|Athletic Club|2|30|32|10|13|7|4|0|0|79|75|70|72|76|69|70|70
21|29/01/2011|Hércules|Barcelona|2|22|55|7|18|9|9|1|0|73|72|70|71|83|82|80|80
21|31/01/2011|Racing de Santander|Valencia|1|20|40|6|16|5|6|0|0|73|68|69|69|79|76|73|72
21|29/01/2011|Málaga|Real Zaragoza|2|17|19|4|10|4|2|0|0|73|68|71|69|74|68|68|68
21|29/01/2011|Deportivo de La Coruña|Sevilla|1|21|29|4|9|4|3|0|0|75|70|70|70|79|73|74|74
21|29/01/2011|Levante|Getafe|0|15|27|1|7|3|7|1|0|72|67|66|68|75|68|71|69
21|30/01/2011|Espanyol|Villarreal|2|37|42|9|12|6|3|0|0|74|71|68|67|78|78|76|73
21|29/01/2011|Real Sociedad|Almería|0|25|17|3|7|3|3|1|0|72|68|68|67|74|68|69|67
21|30/01/2011|Osasuna|Real Madrid|0|18|51|3|16|2|7|0|0|74|65|70|68|83|74|79|76
22|05/02/2011|Athletic Club|Sporting de Gijón|0|35|22|13|11|6|5|0|0|76|69|70|70|74|71|67|68
22|05/02/2011|Barcelona|Atlético de Madrid|0|58|30|18|7|9|3|0|0|83|82|80|80|79|75|70|72
22|06/02/2011|Valencia|Hércules|0|41|22|16|4|9|0|0|1|79|76|73|72|73|72|70|71
22|05/02/2011|Real Zaragoza|Racing de Santander|1|22|21|13|4|9|1|0|0|74|68|68|68|73|68|69|69
22|06/02/2011|Sevilla|Málaga|1|30|17|10|4|6|3|0|0|79|73|74|74|73|68|71|69
22|05/02/2011|Getafe|Deportivo de La Coruña|0|27|22|4|5|0|3|0|0|75|68|71|69|75|70|70|70
22|05/02/2011|Villarreal|Levante|2|45|18|15|3|9|0|0|1|78|78|76|73|72|67|66|68
22|05/02/2011|Almería|Espanyol|0|17|37|4|9|4|6|0|0|74|68|69|67|74|71|68|67
22|06/02/2011|Real Madrid|Real Sociedad|0|51|28|13|6|9|3|0|1|83|74|79|76|72|68|68|67
22|05/02/2011|Osasuna|Mallorca|1|21|27|5|6|5|0|0|0|74|65|70|68|74|69|67|67
23|14/02/2011|Mallorca|Athletic Club|0|28|38|7|13|6|7|0|0|74|69|67|67|76|69|70|70
23|12/02/2011|Sporting de Gijón|Barcelona|1|22|61|10|18|6|9|0|0|74|71|67|68|83|82|80|80
23|12/02/2011|Atlético de Madrid|Valencia|2|30|44|4|16|4|7|0|0|79|75|70|72|79|76|73|72
23|13/02/2011|Hércules|Real Zaragoza|0|22|23|3|13|6|4|1|0|73|72|70|71|74|68|68|68
23|12/02/2011|Racing de Santander|Sevilla|0|22|31|4|11|3|4|0|0|73|68|69|69|79|73|74|74
23|13/02/2011|Málaga|Getafe|1|18|30|5|4|1|4|0|0|73|68|71|69|75|68|71|69
23|13/02/2011|Deportivo de La Coruña|Villarreal|0|22|45|4|12|2|3|0|0|75|70|70|70|78|78|76|73
23|13/02/2011|Levante|Almería|0|21|20|6|7|3|0|1|0|72|67|66|68|74|68|69|67
23|13/02/2011|Espanyol|Real Madrid|2|37|54|9|13|3|4|0|0|74|71|68|67|83|74|79|76
23|13/02/2011|Real Sociedad|Osasuna|0|28|22|6|5|3|0|1|0|72|68|68|67|74|65|70|68
24|20/02/2011|Barcelona|Athletic Club|0|62|38|16|13|9|4|0|0|83|82|80|80|76|69|70|70
24|19/02/2011|Valencia|Sporting de Gijón|1|47|23|16|11|9|4|0|0|79|76|73|72|74|71|67|68
24|19/02/2011|Real Zaragoza|Atlético de Madrid|2|23|30|10|3|7|0|0|0|74|68|68|68|79|75|70|72
24|20/02/2011|Sevilla|Hércules|0|31|25|8|6|4|0|0|1|79|73|74|74|73|72|70|71
24|20/02/2011|Getafe|Racing de Santander|2|31|25|5|6|3|1|0|0|75|68|71|69|73|68|69|69
24|20/02/2011|Villarreal|Málaga|1|45|19|9|3|6|1|0|0|78|78|76|73|73|68|71|69
24|20/02/2011|Almería|Deportivo de La Coruña|1|20|25|7|4|7|0|0|0|74|68|69|67|75|70|70|70
24|19/02/2011|Real Madrid|Levante|0|57|24|13|9|9|3|0|1|83|74|79|76|72|67|66|68
24|20/02/2011|Osasuna|Espanyol|0|22|37|5|9|5|6|0|0|74|65|70|68|74|71|68|67
24|21/02/2011|Real Sociedad|Mallorca|0|31|31|9|7|6|1|1|0|72|68|68|67|74|69|67|67
25|26/02/2011|Mallorca|Barcelona|2|31|65|4|16|6|7|0|0|74|69|67|67|83|82|80|80
25|27/02/2011|Athletic Club|Valencia|2|38|48|12|14|9|7|0|0|76|69|70|70|79|76|73|72
25|26/02/2011|Sporting de Gijón|Real Zaragoza|1|24|23|11|10|7|3|0|0|74|71|67|68|74|68|68|68
25|26/02/2011|Atlético de Madrid|Sevilla|1|33|34|6|8|3|4|0|0|79|75|70|72|79|73|74|74
25|27/02/2011|Hércules|Getafe|1|25|31|3|4|6|2|1|0|73|72|70|71|75|68|71|69
25|27/02/2011|Racing de Santander|Villarreal|1|28|46|8|10|5|3|0|0|73|68|69|69|78|78|76|73
25|28/02/2011|Málaga|Almería|0|20|21|3|8|2|0|0|0|73|68|71|69|74|68|69|67
25|26/02/2011|Deportivo de La Coruña|Real Madrid|1|26|60|5|13|4|4|0|0|75|70|70|70|83|74|79|76
25|27/02/2011|Levante|Osasuna|0|24|25|9|7|6|0|1|0|72|67|66|68|74|65|70|68
25|26/02/2011|Espanyol|Real Sociedad|0|37|34|6|12|3|3|0|1|74|71|68|67|72|68|68|67
26|02/03/2011|Valencia|Barcelona|2|51|68|14|16|7|7|0|0|79|76|73|72|83|82|80|80
26|02/03/2011|Real Zaragoza|Athletic Club|0|24|38|8|9|4|3|0|0|74|68|68|68|76|69|70|70
26|01/03/2011|Sevilla|Sporting de Gijón|0|35|25|9|9|7|4|0|0|79|73|74|74|74|71|67|68
26|02/03/2011|Getafe|Atlético de Madrid|1|32|34|5|4|3|3|0|0|75|68|71|69|79|75|70|72
26|02/03/2011|Villarreal|Hércules|0|47|26|8|4|4|0|0|1|78|78|76|73|73|72|70|71
26|03/03/2011|Almería|Racing de Santander|1|21|29|7|9|7|4|0|0|74|68|69|67|73|68|69|69
26|03/03/2011|Real Madrid|Málaga|0|61|23|13|6|9|2|0|0|83|74|79|76|73|68|71|69
26|02/03/2011|Osasuna|Deportivo de La Coruña|1|25|27|7|6|7|1|0|0|74|65|70|68|75|70|70|70
26|02/03/2011|Real Sociedad|Levante|1|34|27|9|12|9|3|1|1|72|68|68|67|72|67|66|68
26|01/03/2011|Espanyol|Mallorca|2|40|31|6|4|3|1|0|0|74|71|68|67|74|69|67|67
27|05/03/2011|Mallorca|Valencia|2|34|51|7|11|3|7|0|0|74|69|67|67|79|76|73|72
27|05/03/2011|Barcelona|Real Zaragoza|0|71|27|16|8|9|4|0|0|83|82|80|80|74|68|68|68
27|06/03/2011|Athletic Club|Sevilla|0|38|38|6|9|6|2|0|0|76|69|70|70|79|73|74|74
27|06/03/2011|Sporting de Gijón|Getafe|0|25|33|6|6|5|2|0|0|74|71|67|68|75|68|71|69
27|05/03/2011|Atlético de Madrid|Villarreal|0|35|50|5|8|1|4|0|0|79|75|70|72|78|78|76|73
27|06/03/2011|Hércules|Almería|2|26|22|4|5|4|0|1|0|73|72|70|71|74|68|69|67
27|06/03/2011|Racing de Santander|Real Madrid|2|30|64|10|13|5|4|0|0|73|68|69|69|83|74|79|76
27|06/03/2011|Málaga|Osasuna|2|23|26|6|8|4|0|0|0|73|68|71|69|74|65|70|68
27|07/03/2011|Deportivo de La Coruña|Real Sociedad|0|28|35|7|10|5|0|0|1|75|70|70|70|72|68|68|67
27|06/03/2011|Levante|Espanyol|0|28|40|13|3|9|3|1|0|72|67|66|68|74|71|68|67
28|12/03/2011|Real Zaragoza|Valencia|0|27|54|5|13|4|9|0|0|74|68|68|68|79|76|73|72
28|13/03/2011|Sevilla|Barcelona|1|38|74|8|16|7|7|0|0|79|73|74|74|83|82|80|80
28|14/03/2011|Getafe|Athletic Club|1|33|41|6|6|4|0|0|0|75|68|71|69|76|69|70|70
28|13/03/2011|Villarreal|Sporting de Gijón|1|50|28|5|6|4|1|0|0|78|78|76|73|74|71|67|68
28|12/03/2011|Almería|Atlético de Madrid|1|25|38|8|8|5|4|0|0|74|68|69|67|79|75|70|72
28|12/03/2011|Real Madrid|Hércules|0|67|26|16|4|9|0|0|1|83|74|79|76|73|72|70|71
28|13/03/2011|Osasuna|Racing de Santander|0|29|30|8|9|5|5|0|0|74|65|70|68|73|68|69|69
28|13/03/2011|Real Sociedad|Málaga|2|35|23|7|6|7|2|1|0|72|68|68|67|73|68|71|69
28|13/03/2011|Espanyol|Deportivo de La Coruña|0|40|31|3|9|3|2|0|0|74|71|68|67|75|70|70|70
28|13/03/2011|Levante|Mallorca|1|31|34|13|7|9|4|1|0|72|67|66|68|74|69|67|67
29|19/03/2011|Mallorca|Real Zaragoza|0|35|30|7|7|3|1|0|0|74|69|67|67|74|68|68|68
29|20/03/2011|Valencia|Sevilla|2|54|39|10|8|4|1|0|0|79|76|73|72|79|73|74|74
29|19/03/2011|Barcelona|Getafe|0|75|34|14|4|9|2|0|0|83|82|80|80|75|68|71|69
29|20/03/2011|Athletic Club|Villarreal|2|42|51|4|6|6|1|0|0|76|69|70|70|78|78|76|73
29|20/03/2011|Sporting de Gijón|Almería|0|29|26|7|6|5|3|0|0|74|71|67|68|74|68|69|67
29|19/03/2011|Atlético de Madrid|Real Madrid|2|39|70|9|16|4|7|0|0|79|75|70|72|83|74|79|76
29|20/03/2011|Hércules|Osasuna|2|26|32|4|10|4|3|1|0|73|72|70|71|74|65|70|68
29|20/03/2011|Racing de Santander|Real Sociedad|0|30|35|8|7|4|0|0|1|73|68|69|69|72|68|68|67
29|20/03/2011|Málaga|Espanyol|0|26|43|8|6|4|0|0|0|73|68|71|69|74|71|68|67
29|20/03/2011|Deportivo de La Coruña|Levante|2|31|32|9|11|7|4|0|1|75|70|70|70|72|67|66|68
30|03/04/2011|Sevilla|Real Zaragoza|0|42|30|11|7|7|1|0|0|79|73|74|74|74|68|68|68
30|02/04/2011|Getafe|Valencia|2|34|54|3|7|2|6|0|0|75|68|71|69|79|76|73|72
30|02/04/2011|Villarreal|Barcelona|2|54|78|9|16|5|7|0|0|78|78|76|73|83|82|80|80
30|04/04/2011|Almería|Athletic Club|2|26|42|6|4|3|1|0|0|74|68|69|67|76|69|70|70
30|02/04/2011|Real Madrid|Sporting de Gijón|2|73|32|16|9|9|2|0|0|83|74|79|76|74|71|67|68
30|03/04/2011|Osasuna|Atlético de Madrid|2|35|39|13|9|7|5|0|0|74|65|70|68|79|75|70|72
30|03/04/2011|Real Sociedad|Hércules|2|35|26|4|1|4|0|1|1|72|68|68|67|73|72|70|71
30|03/04/2011|Espanyol|Racing de Santander|2|43|33|6|8|6|4|0|0|74|71|68|67|73|68|69|69
30|03/04/2011|Levante|Málaga|0|35|29|11|10|7|4|1|0|72|67|66|68|73|68|71|69
30|03/04/2011|Deportivo de La Coruña|Mallorca|0|31|38|6|7|4|4|0|0|75|70|70|70|74|69|67|67
31|09/04/2011|Mallorca|Sevilla|1|38|45|7|11|3|4|0|0|74|69|67|67|79|73|74|74
31|11/04/2011|Real Zaragoza|Getafe|0|30|34|7|3|6|1|0|0|74|68|68|68|75|68|71|69
31|10/04/2011|Valencia|Villarreal|0|57|54|9|8|1|4|0|0|79|76|73|72|78|78|76|73
31|09/04/2011|Barcelona|Almería|0|81|26|16|5|9|3|0|0|83|82|80|80|74|68|69|67
31|09/04/2011|Athletic Club|Real Madrid|2|45|73|7|13|3|7|0|0|76|69|70|70|83|74|79|76
31|10/04/2011|Sporting de Gijón|Osasuna|0|35|35|11|10|7|6|0|0|74|71|67|68|74|65|70|68
31|10/04/2011|Atlético de Madrid|Real Sociedad|0|42|35|9|1|4|0|0|1|79|75|70|72|72|68|68|67
31|10/04/2011|Hércules|Espanyol|1|29|43|4|6|1|0|1|0|73|72|70|71|74|71|68|67
31|10/04/2011|Racing de Santander|Levante|1|36|38|8|14|4|4|0|1|73|68|69|69|72|67|66|68
31|10/04/2011|Málaga|Deportivo de La Coruña|1|29|34|9|8|6|2|0|0|73|68|71|69|75|70|70|70
32|16/04/2011|Getafe|Sevilla|0|34|46|2|11|2|4|0|0|75|68|71|69|79|73|74|74
32|18/04/2011|Villarreal|Real Zaragoza|0|54|33|7|9|4|0|0|0|78|78|76|73|74|68|68|68
32|16/04/2011|Almería|Valencia|2|26|60|5|9|2|6|0|0|74|68|69|67|79|76|73|72
32|16/04/2011|Real Madrid|Barcelona|1|76|84|15|16|6|7|0|0|83|74|79|76|83|82|80|80
32|17/04/2011|Osasuna|Athletic Club|2|35|45|10|7|4|4|0|0|74|65|70|68|76|69|70|70
32|17/04/2011|Real Sociedad|Sporting de Gijón|0|35|38|1|13|1|4|1|0|72|68|68|67|74|71|67|68
32|17/04/2011|Espanyol|Atlético de Madrid|1|44|45|4|11|3|5|0|0|74|71|68|67|79|75|70|72
32|17/04/2011|Levante|Hércules|0|39|30|12|4|7|3|1|1|72|67|66|68|73|72|70|71
32|17/04/2011|Deportivo de La Coruña|Racing de Santander|0|35|37|8|8|6|4|0|0|75|70|70|70|73|68|69|69
32|16/04/2011|Málaga|Mallorca|0|30|39|7|8|4|4|0|0|73|68|71|69|74|69|67|67
33|24/04/2011|Mallorca|Getafe|0|39|37|5|4|4|0|0|0|74|69|67|67|75|68|71|69
33|24/04/2011|Sevilla|Villarreal|0|46|57|8|7|7|3|0|0|79|73|74|74|78|78|76|73
33|25/04/2011|Real Zaragoza|Almería|0|33|26|6|4|9|3|0|0|74|68|68|68|74|68|69|67
33|23/04/2011|Valencia|Real Madrid|2|63|77|12|13|3|9|0|0|79|76|73|72|83|74|79|76
33|23/04/2011|Barcelona|Osasuna|0|85|35|14|9|9|6|0|0|83|82|80|80|74|65|70|68
33|23/04/2011|Athletic Club|Real Sociedad|0|48|38|10|3|3|0|0|1|76|69|70|70|72|68|68|67
33|24/04/2011|Sporting de Gijón|Espanyol|0|38|45|13|5|9|1|0|0|74|71|67|68|74|71|68|67
33|24/04/2011|Atlético de Madrid|Levante|0|46|42|11|14|6|5|0|1|79|75|70|72|72|67|66|68
33|24/04/2011|Hércules|Deportivo de La Coruña|0|30|38|4|10|1|2|1|0|73|72|70|71|75|70|70|70
33|24/04/2011|Racing de Santander|Málaga|2|37|33|7|10|4|3|0|0|73|68|69|69|73|68|71|69
34|01/05/2011|Villarreal|Getafe|0|57|37|7|4|4|0|0|0|78|78|76|73|75|68|71|69
34|01/05/2011|Almería|Sevilla|2|26|49|1|11|1|4|0|0|74|68|69|67|79|73|74|74
34|30/04/2011|Real Madrid|Real Zaragoza|2|80|36|13|9|4|0|0|0|83|74|79|76|74|68|68|68
34|01/05/2011|Osasuna|Valencia|0|35|63|6|9|3|6|0|0|74|65|70|68|79|76|73|72
34|30/04/2011|Real Sociedad|Barcelona|0|38|88|3|14|3|5|1|0|72|68|68|67|83|82|80|80
34|02/05/2011|Espanyol|Athletic Club|0|45|51|5|10|4|7|0|0|74|71|68|67|76|69|70|70
34|01/05/2011|Levante|Sporting de Gijón|1|42|41|11|13|7|4|1|0|72|67|66|68|74|71|67|68
34|30/04/2011|Deportivo de La Coruña|Atlético de Madrid|2|38|49|7|11|6|5|0|0|75|70|70|70|79|75|70|72
34|01/05/2011|Málaga|Hércules|0|36|33|13|7|7|3|0|1|73|68|71|69|73|72|70|71
34|01/05/2011|Racing de Santander|Mallorca|0|37|42|7|8|4|1|0|0|73|68|69|69|74|69|67|67
35|08/05/2011|Mallorca|Villarreal|1|42|60|7|9|7|3|0|0|74|69|67|67|78|78|76|73
35|07/05/2011|Getafe|Almería|0|37|26|3|0|4|0|0|0|75|68|71|69|74|68|69|67
35|07/05/2011|Sevilla|Real Madrid|2|52|80|13|10|7|9|0|0|79|73|74|74|83|74|79|76
35|08/05/2011|Real Zaragoza|Osasuna|2|39|38|9|6|9|3|0|0|74|68|68|68|74|65|70|68
35|07/05/2011|Valencia|Real Sociedad|0|63|41|9|6|3|0|0|1|79|76|73|72|72|68|68|67
35|08/05/2011|Barcelona|Espanyol|0|88|48|13|5|9|1|0|0|83|82|80|80|74|71|68|67
35|07/05/2011|Athletic Club|Levante|0|51|43|9|11|3|4|0|1|76|69|70|70|72|67|66|68
35|07/05/2011|Sporting de Gijón|Deportivo de La Coruña|1|42|38|13|7|9|1|0|0|74|71|67|68|75|70|70|70
35|07/05/2011|Atlético de Madrid|Málaga|2|52|39|13|13|6|6|0|0|79|75|70|72|73|68|71|69
35|07/05/2011|Hércules|Racing de Santander|2|33|40|7|10|4|3|1|0|73|72|70|71|73|68|69|69
36|11/05/2011|Almería|Villarreal|1|26|61|0|7|0|1|0|0|74|68|69|67|78|78|76|73
36|10/05/2011|Real Madrid|Getafe|0|83|40|10|6|1|0|0|0|83|74|79|76|75|68|71|69
36|11/05/2011|Osasuna|Sevilla|0|41|52|6|10|3|4|0|0|74|65|70|68|79|73|74|74
36|11/05/2011|Real Sociedad|Real Zaragoza|0|41|39|6|9|6|3|1|0|72|68|68|67|74|68|68|68
36|11/05/2011|Espanyol|Valencia|1|48|66|5|12|4|6|0|0|74|71|68|67|79|76|73|72
36|11/05/2011|Levante|Barcelona|1|43|91|8|13|7|4|1|0|72|67|66|68|83|82|80|80
36|10/05/2011|Deportivo de La Coruña|Athletic Club|0|39|54|8|12|6|6|0|0|75|70|70|70|76|69|70|70
36|10/05/2011|Málaga|Sporting de Gijón|0|42|43|13|11|7|4|0|0|73|68|71|69|74|71|67|68
36|10/05/2011|Racing de Santander|Atlético de Madrid|0|43|52|10|13|4|7|0|0|73|68|69|69|79|75|70|72
36|11/05/2011|Hércules|Mallorca|1|33|43|7|5|4|0|1|0|73|72|70|71|74|69|67|67
37|15/05/2011|Almería|Mallorca|0|27|44|1|6|1|1|0|0|74|68|69|67|74|69|67|67
37|15/05/2011|Villarreal|Real Madrid|2|62|86|8|13|6|9|0|0|78|78|76|73|83|74|79|76
37|15/05/2011|Getafe|Osasuna|0|40|44|6|9|6|3|0|0|75|68|71|69|74|65|70|68
37|15/05/2011|Sevilla|Real Sociedad|0|52|44|7|9|6|0|0|1|79|73|74|74|72|68|68|67
37|15/05/2011|Real Zaragoza|Espanyol|0|39|49|9|6|6|1|0|0|74|68|68|68|74|71|68|67
37|15/05/2011|Valencia|Levante|1|67|44|10|6|6|1|0|1|79|76|73|72|72|67|66|68
37|15/05/2011|Barcelona|Deportivo de La Coruña|1|92|42|11|8|9|2|0|0|83|82|80|80|75|70|70|70
37|15/05/2011|Athletic Club|Málaga|1|54|45|9|16|6|6|0|0|76|69|70|70|73|68|71|69
37|15/05/2011|Sporting de Gijón|Racing de Santander|0|43|46|8|10|7|6|0|0|74|71|67|68|73|68|69|69
37|15/05/2011|Atlético de Madrid|Hércules|0|52|34|10|5|6|3|0|1|79|75|70|72|73|72|70|71
38|21/05/2011|Real Madrid|Almería|0|89|30|13|4|4|0|0|0|83|74|79|76|74|68|69|67
38|21/05/2011|Osasuna|Villarreal|0|44|62|9|8|6|2|0|0|74|65|70|68|78|78|76|73
38|21/05/2011|Real Sociedad|Getafe|1|44|43|9|9|9|0|1|0|72|68|68|67|75|68|71|69
38|21/05/2011|Espanyol|Sevilla|2|49|55|5|9|5|3|0|0|74|71|68|67|79|73|74|74
38|21/05/2011|Levante|Real Zaragoza|2|45|42|6|9|5|3|1|0|72|67|66|68|74|68|68|68
38|21/05/2011|Deportivo de La Coruña|Valencia|2|43|68|8|8|6|4|0|0|75|70|70|70|79|76|73|72
38|21/05/2011|Málaga|Barcelona|2|46|93|16|9|9|2|0|0|73|68|71|69|83|82|80|80
38|21/05/2011|Racing de Santander|Athletic Club|2|46|55|9|10|6|3|0|0|73|68|69|69|76|69|70|70
38|21/05/2011|Hércules|Sporting de Gijón|1|34|46|4|8|4|1|1|0|73|72|70|71|74|71|67|68
38|21/05/2011|Mallorca|Atlético de Madrid|2|44|55|5|10|5|4|0|0|74|69|67|67|79|75|70|72
