1|21/01/2012|Espanyol|Granada|0|0|0|0|0|0|0|0|1|75|69|72|66|73|65|68|67
1|21/01/2012|Racing de Santander|Getafe|2|0|0|0|0|0|0|0|0|72|63|68|66|75|70|71|70
1|21/01/2012|Real Sociedad|Atlético de Madrid|2|0|0|0|0|0|0|0|0|74|67|68|69|80|74|72|75
1|21/01/2012|Betis|Sevilla|1|0|0|0|0|0|0|1|0|73|72|67|68|78|75|72|73
1|22/01/2012|Osasuna|Valencia|1|0|0|0|0|0|0|0|0|72|64|71|68|79|73|73|73
1|22/01/2012|Rayo Vallecano|Mallorca|2|0|0|0|0|0|0|1|0|70|67|65|68|73|67|68|70
1|22/01/2012|Málaga|Barcelona|2|0|0|0|0|0|0|0|0|78|70|75|71|87|85|83|79
1|22/01/2012|Levante|Real Zaragoza|1|0|0|0|0|0|0|0|0|73|68|68|70|74|70|66|69
1|22/01/2012|Real Madrid|Athletic Club|0|0|0|0|0|0|0|0|0|85|77|81|75|77|70|71|70
1|23/01/2012|Villarreal|Sporting de Gijón|0|0|0|0|0|0|0|0|0|80|77|78|75|74|69|69|69
2|27/08/2011|Sporting de Gijón|Real Sociedad|2|0|0|0|0|0|0|0|0|74|69|69|69|74|67|68|69
2|27/08/2011|Valencia|Racing de Santander|0|1|0|1|0|0|0|0|0|79|73|73|73|72|63|68|66
2|27/08/2011|Granada|Betis|2|0|1|0|1|0|0|1|1|73|65|68|67|73|72|67|68
2|28/08/2011|Atlético de Madrid|Osasuna|1|3|1|3|1|0|0|0|0|80|74|72|75|72|64|71|68
2|28/08/2011|Athletic Club|Rayo Vallecano|1|0|0|0|0|0|0|0|1|77|70|71|70|70|67|65|68
2|28/08/2011|Mallorca|Espanyol|0|3|3|3|3|0|0|0|0|73|67|68|70|75|69|72|66
2|28/08/2011|Getafe|Levante|1|3|1|3|1|0|0|0|0|75|70|71|70|73|68|68|70
2|28/08/2011|Real Zaragoza|Real Madrid|2|1|3|1|3|0|0|0|0|74|70|66|69|85|77|81|75
2|28/08/2011|Sevilla|Málaga|0|1|0|1|0|0|0|0|0|78|75|72|73|78|70|75|71
2|29/08/2011|Barcelona|Villarreal|0|3|3|3|3|0|0|0|0|87|85|83|79|80|77|78|75
3|10/09/2011|Real Sociedad|Barcelona|1|3|6|3|6|0|3|0|0|74|67|68|69|87|85|83|79
3|10/09/2011|Villarreal|Sevilla|1|3|4|3|4|3|1|0|0|80|77|78|75|78|75|72|73
3|10/09/2011|Real Madrid|Getafe|0|6|4|6|4|3|3|0|0|85|77|81|75|75|70|71|70
3|10/09/2011|Valencia|Atlético de Madrid|0|4|4|4|4|3|3|0|0|79|73|73|73|80|74|72|75
3|11/09/2011|Betis|Mallorca|0|4|6|4|6|1|3|1|0|73|72|67|68|73|67|68|70
3|11/09/2011|Racing de Santander|Levante|1|0|2|0|2|0|1|0|0|72|63|68|66|73|68|68|70
3|11/09/2011|Osasuna|Sporting de Gijón|0|2|0|2|0|1|0|0|0|72|64|71|68|74|69|69|69
3|11/09/2011|Rayo Vallecano|Real Zaragoza|1|1|1|1|1|0|1|1|0|70|67|65|68|74|70|66|69
3|11/09/2011|Espanyol|Athletic Club|0|3|1|3|1|3|0|0|0|75|69|72|66|77|70|71|70
3|12/09/2011|Málaga|Granada|0|0|0|0|0|0|0|0|1|78|70|75|71|73|65|68|67
4|17/09/2011|Sporting de Gijón|Valencia|2|0|7|0|7|0|1|0|0|74|69|69|69|79|73|73|73
4|17/09/2011|Granada|Villarreal|0|0|4|0|4|0|0|1|0|73|65|68|67|80|77|78|75
4|17/09/2011|Mallorca|Málaga|2|6|3|6|3|3|0|0|0|73|67|68|70|78|70|75|71
4|17/09/2011|Barcelona|Osasuna|0|7|5|7|5|3|1|0|0|87|85|83|79|72|64|71|68
4|17/09/2011|Sevilla|Real Sociedad|0|5|4|5|4|3|3|0|0|78|75|72|73|74|67|68|69
4|18/09/2011|Getafe|Rayo Vallecano|2|4|2|4|2|1|1|0|1|75|70|71|70|70|67|65|68
4|18/09/2011|Real Zaragoza|Espanyol|0|2|6|2|6|0|0|0|0|74|70|66|69|75|69|72|66
4|18/09/2011|Atlético de Madrid|Racing de Santander|0|4|1|4|1|1|0|0|0|80|74|72|75|72|63|68|66
4|18/09/2011|Levante|Real Madrid|0|3|9|3|9|1|3|0|0|73|68|68|70|85|77|81|75
4|18/09/2011|Athletic Club|Betis|2|1|7|1|7|1|3|0|1|77|70|71|70|73|72|67|68
5|20/09/2011|Osasuna|Sevilla|1|5|8|5|8|4|2|0|0|72|64|71|68|78|75|72|73
5|20/09/2011|Real Sociedad|Granada|0|4|3|4|3|1|0|0|1|74|67|68|69|73|65|68|67
5|20/09/2011|Villarreal|Mallorca|0|4|6|4|6|4|3|0|0|80|77|78|75|73|67|68|70
5|21/09/2011|Atlético de Madrid|Sporting de Gijón|0|7|0|7|0|4|0|0|0|80|74|72|75|74|69|69|69
5|21/09/2011|Málaga|Athletic Club|0|6|1|6|1|3|0|0|0|78|70|75|71|77|70|71|70
5|21/09/2011|Rayo Vallecano|Levante|2|5|6|5|6|1|2|1|0|70|67|65|68|73|68|68|70
5|21/09/2011|Racing de Santander|Real Madrid|1|1|9|1|9|1|3|0|0|72|63|68|66|85|77|81|75
5|21/09/2011|Valencia|Barcelona|1|10|10|10|10|6|4|0|0|79|73|73|73|87|85|83|79
5|22/09/2011|Espanyol|Getafe|0|6|4|6|4|6|3|0|0|75|69|72|66|75|70|71|70
5|22/09/2011|Betis|Real Zaragoza|0|10|5|10|5|4|2|1|0|73|72|67|68|74|70|66|69
6|24/09/2011|Sevilla|Valencia|0|9|11|9|11|6|4|0|0|78|75|72|73|79|73|73|73
6|24/09/2011|Athletic Club|Villarreal|1|1|7|1|7|1|0|0|0|77|70|71|70|80|77|78|75
6|24/09/2011|Real Madrid|Rayo Vallecano|0|10|5|10|5|6|4|0|1|85|77|81|75|70|67|65|68
6|24/09/2011|Barcelona|Atlético de Madrid|0|11|10|11|10|6|3|0|0|87|85|83|79|80|74|72|75
6|25/09/2011|Mallorca|Real Sociedad|0|6|7|6|7|3|3|0|0|73|67|68|70|74|67|68|69
6|25/09/2011|Levante|Espanyol|0|9|9|9|9|4|0|0|0|73|68|68|70|75|69|72|66
6|25/09/2011|Granada|Osasuna|1|3|6|3|6|3|1|1|0|73|65|68|67|72|64|71|68
6|25/09/2011|Sporting de Gijón|Racing de Santander|1|0|2|0|2|0|0|0|0|74|69|69|69|72|63|68|66
6|25/09/2011|Real Zaragoza|Málaga|1|5|9|5|9|3|3|0|0|74|70|66|69|78|70|75|71
6|26/09/2011|Getafe|Betis|0|4|13|4|13|1|6|0|1|75|70|71|70|73|72|67|68
7|01/10/2011|Osasuna|Mallorca|1|7|9|7|9|5|3|0|0|72|64|71|68|73|67|68|70
7|01/10/2011|Villarreal|Real Zaragoza|1|8|6|8|6|7|2|0|0|80|77|78|75|74|70|66|69
7|01/10/2011|Racing de Santander|Rayo Vallecano|1|3|5|3|5|2|4|0|1|72|63|68|66|70|67|65|68
7|01/10/2011|Valencia|Granada|0|11|4|11|4|7|0|0|1|79|73|73|73|73|65|68|67
7|01/10/2011|Málaga|Getafe|0|10|7|10|7|6|3|0|0|78|70|75|71|75|70|71|70
7|02/10/2011|Real Sociedad|Athletic Club|2|7|2|7|2|4|0|0|0|74|67|68|69|77|70|71|70
7|02/10/2011|Betis|Levante|2|13|12|13|12|7|5|1|0|73|72|67|68|73|68|68|70
7|02/10/2011|Atlético de Madrid|Sevilla|1|10|12|10|12|7|3|0|0|80|74|72|75|78|75|72|73
7|02/10/2011|Sporting de Gijón|Barcelona|2|1|14|1|14|1|5|0|0|74|69|69|69|87|85|83|79
7|02/10/2011|Espanyol|Real Madrid|2|9|13|9|13|9|4|0|0|75|69|72|66|85|77|81|75
8|15/10/2011|Mallorca|Valencia|1|10|14|7|13|6|4|0|0|73|67|68|70|79|73|73|73
8|15/10/2011|Getafe|Villarreal|1|7|9|4|6|4|1|0|0|75|70|71|70|80|77|78|75
8|15/10/2011|Real Madrid|Betis|0|16|13|13|12|9|6|0|1|85|77|81|75|73|72|67|68
8|15/10/2011|Barcelona|Racing de Santander|0|17|4|14|4|9|1|0|0|87|85|83|79|72|63|68|66
8|15/10/2011|Granada|Atlético de Madrid|1|4|11|4|8|4|3|1|0|73|65|68|67|80|74|72|75
8|16/10/2011|Rayo Vallecano|Espanyol|2|6|9|6|6|1|0|1|0|70|67|65|68|75|69|72|66
8|16/10/2011|Real Zaragoza|Real Sociedad|0|7|7|6|7|4|3|0|0|74|70|66|69|74|67|68|69
8|16/10/2011|Levante|Málaga|0|15|13|14|13|7|4|0|0|73|68|68|70|78|70|75|71
8|16/10/2011|Sevilla|Sporting de Gijón|0|13|1|12|1|9|0|0|0|78|75|72|73|74|69|69|69
8|17/10/2011|Athletic Club|Osasuna|0|5|8|5|7|2|2|0|0|77|70|71|70|72|64|71|68
9|22/10/2011|Sporting de Gijón|Granada|0|1|5|1|5|1|0|0|1|74|69|69|69|73|65|68|67
9|22/10/2011|Racing de Santander|Espanyol|2|4|12|4|9|3|3|0|0|72|63|68|66|75|69|72|66
9|22/10/2011|Málaga|Real Madrid|2|13|19|13|13|9|4|0|0|78|70|75|71|85|77|81|75
9|22/10/2011|Barcelona|Sevilla|1|20|16|14|12|9|3|0|0|87|85|83|79|78|75|72|73
9|23/10/2011|Betis|Rayo Vallecano|2|13|6|9|5|6|4|1|1|73|72|67|68|70|67|65|68
9|23/10/2011|Real Sociedad|Getafe|1|7|8|4|4|4|0|0|0|74|67|68|69|75|70|71|70
9|23/10/2011|Atlético de Madrid|Mallorca|1|12|11|8|5|7|1|0|0|80|74|72|75|73|67|68|70
9|23/10/2011|Osasuna|Real Zaragoza|0|8|10|6|9|5|2|0|0|72|64|71|68|74|70|66|69
9|23/10/2011|Valencia|Athletic Club|1|15|8|11|7|7|3|0|0|79|73|73|73|77|70|71|70
9|23/10/2011|Villarreal|Levante|2|10|18|7|16|5|7|0|0|80|77|78|75|73|68|68|70
10|25/10/2011|Granada|Barcelona|2|5|21|5|14|5|5|1|0|73|65|68|67|87|85|83|79
10|25/10/2011|Sevilla|Racing de Santander|1|17|4|12|3|9|1|0|0|78|75|72|73|72|63|68|66
10|26/10/2011|Real Zaragoza|Valencia|2|10|16|8|9|7|4|0|0|74|70|66|69|79|73|73|73
10|26/10/2011|Getafe|Osasuna|1|9|11|5|6|4|1|0|0|75|70|71|70|72|64|71|68
10|26/10/2011|Levante|Real Sociedad|0|21|8|18|4|9|0|0|0|73|68|68|70|74|67|68|69
10|26/10/2011|Rayo Vallecano|Málaga|0|9|13|7|10|1|4|1|0|70|67|65|68|78|70|75|71
10|26/10/2011|Mallorca|Sporting de Gijón|2|12|4|6|4|4|0|0|0|73|67|68|70|74|69|69|69
10|26/10/2011|Real Madrid|Villarreal|0|22|10|13|6|9|2|0|0|85|77|81|75|80|77|78|75
10|27/10/2011|Espanyol|Betis|0|15|13|9|6|6|3|0|1|75|69|72|66|73|72|67|68
10|27/10/2011|Athletic Club|Atlético de Madrid|0|9|13|8|9|4|1|0|0|77|70|71|70|80|74|72|75
11|29/10/2011|Valencia|Getafe|0|19|10|9|6|5|1|0|0|79|73|73|73|75|70|71|70
11|29/10/2011|Villarreal|Rayo Vallecano|0|10|12|6|7|4|4|0|1|80|77|78|75|70|67|65|68
11|29/10/2011|Barcelona|Mallorca|0|24|12|14|6|7|2|0|0|87|85|83|79|73|67|68|70
11|29/10/2011|Real Sociedad|Real Madrid|2|8|25|4|16|4|7|0|0|74|67|68|69|85|77|81|75
11|30/10/2011|Sporting de Gijón|Athletic Club|1|7|12|7|11|4|4|0|0|74|69|69|69|77|70|71|70
11|30/10/2011|Osasuna|Levante|0|12|24|7|18|5|9|0|0|72|64|71|68|73|68|68|70
11|30/10/2011|Racing de Santander|Betis|0|5|13|4|3|2|0|0|1|72|63|68|66|73|72|67|68
11|30/10/2011|Atlético de Madrid|Real Zaragoza|0|13|10|6|5|5|1|0|0|80|74|72|75|74|70|66|69
11|30/10/2011|Málaga|Espanyol|0|13|18|7|12|6|6|0|0|78|70|75|71|75|69|72|66
11|31/10/2011|Sevilla|Granada|2|18|5|10|2|7|0|0|1|78|75|72|73|73|65|68|67
12|05/11/2011|Mallorca|Sevilla|1|12|18|6|9|4|3|0|0|73|67|68|70|78|75|72|73
12|05/11/2011|Betis|Málaga|1|13|16|0|7|3|1|1|0|73|72|67|68|78|70|75|71
12|05/11/2011|Levante|Valencia|2|24|22|15|11|9|4|0|0|73|68|68|70|79|73|73|73
12|06/11/2011|Real Madrid|Osasuna|0|28|15|18|9|9|2|0|0|85|77|81|75|72|64|71|68
12|06/11/2011|Granada|Racing de Santander|1|8|8|5|6|2|2|1|0|73|65|68|67|72|63|68|66
12|06/11/2011|Real Zaragoza|Sporting de Gijón|1|10|8|5|8|4|3|0|0|74|70|66|69|74|69|69|69
12|06/11/2011|Rayo Vallecano|Real Sociedad|0|12|8|7|1|3|0|1|0|70|67|65|68|74|67|68|69
12|06/11/2011|Espanyol|Villarreal|1|18|13|9|6|6|2|0|0|75|69|72|66|80|77|78|75
12|06/11/2011|Athletic Club|Barcelona|1|13|27|12|16|7|7|0|0|77|70|71|70|87|85|83|79
12|06/11/2011|Getafe|Atlético de Madrid|0|10|16|6|6|5|1|0|0|75|70|71|70|80|74|72|75
13|19/11/2011|Villarreal|Betis|0|14|14|6|1|4|0|0|1|80|77|78|75|73|72|67|68
13|19/11/2011|Barcelona|Real Zaragoza|0|28|11|14|5|7|1|0|0|87|85|83|79|74|70|66|69
13|19/11/2011|Valencia|Real Madrid|2|25|31|14|18|7|9|0|0|79|73|73|73|85|77|81|75
13|20/11/2011|Real Sociedad|Espanyol|1|8|19|1|10|1|6|0|0|74|67|68|69|75|69|72|66
13|20/11/2011|Sporting de Gijón|Getafe|0|9|13|8|6|4|1|0|0|74|69|69|69|75|70|71|70
13|20/11/2011|Osasuna|Rayo Vallecano|1|15|15|8|10|7|4|0|1|72|64|71|68|70|67|65|68
13|20/11/2011|Sevilla|Athletic Club|2|19|14|7|12|4|5|0|0|78|75|72|73|77|70|71|70
13|20/11/2011|Atlético de Madrid|Levante|0|16|24|6|12|5|6|0|0|80|74|72|75|73|68|68|70
13|21/11/2011|Racing de Santander|Málaga|2|9|17|6|7|4|1|0|0|72|63|68|66|78|70|75|71
13|07/12/2011|Granada|Mallorca|1|9|13|5|4|2|2|1|0|73|65|68|67|73|67|68|70
14|26/11/2011|Rayo Vallecano|Valencia|2|16|25|10|11|6|7|1|0|70|67|65|68|79|73|73|73
14|26/11/2011|Real Madrid|Atlético de Madrid|0|34|19|18|8|9|1|0|0|85|77|81|75|80|74|72|75
14|26/11/2011|Getafe|Barcelona|0|13|31|6|14|5|7|0|0|75|70|71|70|87|85|83|79
14|27/11/2011|Betis|Real Sociedad|2|14|9|1|2|1|0|1|0|73|72|67|68|74|67|68|69
14|27/11/2011|Levante|Sporting de Gijón|0|24|12|9|11|6|4|0|0|73|68|68|70|74|69|69|69
14|27/11/2011|Mallorca|Racing de Santander|0|14|9|4|5|2|2|0|0|73|67|68|70|72|63|68|66
14|27/11/2011|Espanyol|Osasuna|2|20|16|11|8|4|1|0|0|75|69|72|66|72|64|71|68
14|27/11/2011|Athletic Club|Granada|2|17|10|12|6|7|3|0|1|77|70|71|70|73|65|68|67
14|27/11/2011|Real Zaragoza|Sevilla|2|11|19|4|6|4|3|0|0|74|70|66|69|78|75|72|73
14|28/11/2011|Málaga|Villarreal|0|20|17|7|8|6|2|0|0|78|70|75|71|80|77|78|75
15|03/12/2011|Sporting de Gijón|Real Madrid|2|12|37|11|18|7|9|0|0|74|69|69|69|85|77|81|75
15|03/12/2011|Racing de Santander|Villarreal|0|9|17|5|7|3|1|0|0|72|63|68|66|80|77|78|75
15|03/12/2011|Barcelona|Levante|0|31|27|11|9|7|3|0|0|87|85|83|79|73|68|68|70
15|03/12/2011|Valencia|Espanyol|0|28|20|13|8|4|4|0|0|79|73|73|73|75|69|72|66
15|04/12/2011|Atlético de Madrid|Rayo Vallecano|0|19|16|7|10|7|4|0|1|80|74|72|75|70|67|65|68
15|04/12/2011|Real Sociedad|Málaga|0|12|23|5|10|2|4|0|0|74|67|68|69|78|70|75|71
15|04/12/2011|Osasuna|Betis|0|19|14|11|1|7|0|0|1|72|64|71|68|73|72|67|68
15|04/12/2011|Mallorca|Athletic Club|1|17|17|6|9|4|5|0|0|73|67|68|70|77|70|71|70
15|04/12/2011|Granada|Real Zaragoza|0|13|11|8|1|2|0|1|0|73|65|68|67|74|70|66|69
15|05/12/2011|Sevilla|Getafe|0|22|16|6|8|1|1|0|0|78|75|72|73|75|70|71|70
16|10/12/2011|Levante|Sevilla|0|27|25|6|8|6|5|0|0|73|68|68|70|78|75|72|73
16|10/12/2011|Betis|Valencia|0|14|31|1|15|1|9|1|0|73|72|67|68|79|73|73|73
16|10/12/2011|Real Madrid|Barcelona|2|40|34|18|13|9|4|0|0|85|77|81|75|87|85|83|79
16|11/12/2011|Rayo Vallecano|Sporting de Gijón|2|16|12|7|8|6|4|1|0|70|67|65|68|74|69|69|69
16|11/12/2011|Getafe|Granada|0|16|16|7|11|7|6|0|1|75|70|71|70|73|65|68|67
16|11/12/2011|Villarreal|Real Sociedad|1|17|15|7|7|6|3|0|0|80|77|78|75|74|67|68|69
16|11/12/2011|Real Zaragoza|Mallorca|2|11|18|1|6|1|2|0|0|74|70|66|69|73|67|68|70
16|11/12/2011|Málaga|Osasuna|1|23|22|10|11|6|4|0|0|78|70|75|71|72|64|71|68
16|11/12/2011|Athletic Club|Racing de Santander|1|18|12|9|8|4|2|0|0|77|70|71|70|72|63|68|66
16|11/12/2011|Espanyol|Atlético de Madrid|0|20|22|5|9|4|0|0|0|75|69|72|66|80|74|72|75
17|29/11/2011|Barcelona|Rayo Vallecano|0|37|16|13|4|9|1|0|1|87|85|83|79|70|67|65|68
17|17/12/2011|Mallorca|Getafe|2|21|19|9|9|5|0|0|0|73|67|68|70|75|70|71|70
17|17/12/2011|Sporting de Gijón|Espanyol|2|15|23|8|5|4|1|0|0|74|69|69|69|75|69|72|66
17|17/12/2011|Athletic Club|Real Zaragoza|0|19|11|7|1|2|0|0|0|77|70|71|70|74|70|66|69
17|17/12/2011|Sevilla|Real Madrid|2|25|40|7|15|3|9|0|0|78|75|72|73|85|77|81|75
17|18/12/2011|Atlético de Madrid|Betis|2|22|17|9|4|9|0|0|1|80|74|72|75|73|72|67|68
17|18/12/2011|Granada|Levante|0|16|30|11|6|5|0|1|0|73|65|68|67|73|68|68|70
17|18/12/2011|Osasuna|Villarreal|0|23|18|11|8|7|1|0|0|72|64|71|68|80|77|78|75
17|18/12/2011|Racing de Santander|Real Sociedad|1|13|16|8|8|6|4|0|0|72|63|68|66|74|67|68|69
17|18/12/2011|Valencia|Málaga|0|31|24|12|11|6|4|0|0|79|73|73|73|78|70|75|71
18|07/01/2012|Racing de Santander|Real Zaragoza|0|14|11|6|1|4|0|0|0|72|63|68|66|74|70|66|69
18|07/01/2012|Levante|Mallorca|1|30|21|6|9|6|4|0|0|73|68|68|70|73|67|68|70
18|07/01/2012|Real Sociedad|Osasuna|1|17|26|9|11|4|4|0|0|74|67|68|69|72|64|71|68
18|07/01/2012|Real Madrid|Granada|0|43|19|15|11|6|6|0|1|85|77|81|75|73|65|68|67
18|07/01/2012|Málaga|Atlético de Madrid|1|24|22|8|6|7|0|0|0|78|70|75|71|80|74|72|75
18|08/01/2012|Rayo Vallecano|Sevilla|0|16|25|4|7|3|4|1|0|70|67|65|68|78|75|72|73
18|08/01/2012|Getafe|Athletic Club|1|22|22|12|9|9|5|0|0|75|70|71|70|77|70|71|70
18|08/01/2012|Villarreal|Valencia|1|18|34|5|12|7|6|0|0|80|77|78|75|79|73|73|73
18|08/01/2012|Betis|Sporting de Gijón|0|20|15|7|7|4|4|1|0|73|72|67|68|74|69|69|69
18|08/01/2012|Espanyol|Barcelona|1|26|40|8|13|4|4|0|0|75|69|72|66|87|85|83|79
19|14/01/2012|Real Zaragoza|Getafe|1|11|23|0|10|1|3|0|0|74|70|66|69|75|70|71|70
19|14/01/2012|Granada|Rayo Vallecano|2|19|19|10|4|7|1|1|1|73|65|68|67|70|67|65|68
19|14/01/2012|Sevilla|Espanyol|1|25|27|6|8|3|4|0|0|78|75|72|73|75|69|72|66
19|14/01/2012|Mallorca|Real Madrid|2|22|46|9|15|4|9|0|0|73|67|68|70|85|77|81|75
19|14/01/2012|Valencia|Real Sociedad|2|35|18|10|10|6|5|0|0|79|73|73|73|74|67|68|69
19|15/01/2012|Atlético de Madrid|Villarreal|0|23|19|7|5|6|0|0|0|80|74|72|75|80|77|78|75
19|15/01/2012|Osasuna|Racing de Santander|2|27|17|12|8|7|2|0|0|72|64|71|68|72|63|68|66
19|15/01/2012|Athletic Club|Levante|0|23|31|9|7|4|0|0|0|77|70|71|70|73|68|68|70
19|15/01/2012|Sporting de Gijón|Málaga|0|15|25|6|8|3|3|0|0|74|69|69|69|78|70|75|71
19|15/01/2012|Barcelona|Betis|0|41|23|13|9|9|3|0|1|87|85|83|79|73|72|67|68
20|01/05/2012|Getafe|Racing de Santander|1|24|20|11|11|7|4|0|0|75|70|71|70|72|63|68|66
20|01/05/2012|Granada|Espanyol|0|19|28|9|8|6|4|1|0|73|65|68|67|75|69|72|66
20|01/05/2012|Sporting de Gijón|Villarreal|2|18|19|6|2|3|0|0|0|74|69|69|69|80|77|78|75
20|02/05/2012|Atlético de Madrid|Real Sociedad|1|26|21|7|12|6|5|0|0|80|74|72|75|74|67|68|69
20|02/05/2012|Barcelona|Málaga|0|44|25|13|5|9|0|0|0|87|85|83|79|78|70|75|71
20|02/05/2012|Sevilla|Betis|2|26|23|7|9|4|3|0|1|78|75|72|73|73|72|67|68
20|02/05/2012|Mallorca|Rayo Vallecano|0|22|22|8|6|1|3|0|1|73|67|68|70|70|67|65|68
20|02/05/2012|Real Zaragoza|Levante|0|12|31|1|7|1|0|0|0|74|70|66|69|73|68|68|70
20|02/05/2012|Valencia|Osasuna|0|35|27|10|11|6|5|0|0|79|73|73|73|72|64|71|68
20|02/05/2012|Athletic Club|Real Madrid|2|26|49|9|15|7|9|0|0|77|70|71|70|85|77|81|75
21|28/01/2012|Espanyol|Mallorca|0|28|25|8|8|4|5|0|0|75|69|72|66|73|67|68|70
21|28/01/2012|Rayo Vallecano|Athletic Club|2|22|26|6|9|3|5|1|0|70|67|65|68|77|70|71|70
21|28/01/2012|Real Madrid|Real Zaragoza|0|52|15|15|4|6|0|0|0|85|77|81|75|74|70|66|69
21|28/01/2012|Villarreal|Barcelona|1|22|47|5|16|5|4|0|0|80|77|78|75|87|85|83|79
21|29/01/2012|Betis|Granada|2|26|22|12|9|6|3|1|1|73|72|67|68|73|65|68|67
21|29/01/2012|Real Sociedad|Sporting de Gijón|0|22|18|10|6|5|3|0|0|74|67|68|69|74|69|69|69
21|29/01/2012|Levante|Getafe|2|31|25|4|9|7|4|0|0|73|68|68|70|75|70|71|70
21|29/01/2012|Racing de Santander|Valencia|1|21|38|12|10|7|4|0|0|72|63|68|66|79|73|73|73
21|29/01/2012|Málaga|Sevilla|0|25|26|2|4|5|3|0|0|78|70|75|71|78|75|72|73
21|30/01/2012|Osasuna|Atlético de Madrid|2|27|27|8|8|6|1|0|0|72|64|71|68|80|74|72|75
22|04/02/2012|Mallorca|Betis|0|25|26|7|12|3|6|0|1|73|67|68|70|73|72|67|68
22|04/02/2012|Athletic Club|Espanyol|1|29|31|11|11|6|4|0|0|77|70|71|70|75|69|72|66
22|04/02/2012|Levante|Racing de Santander|1|31|22|4|10|4|5|0|0|73|68|68|70|72|63|68|66
22|04/02/2012|Getafe|Real Madrid|2|28|55|12|15|5|9|0|0|75|70|71|70|85|77|81|75
22|04/02/2012|Barcelona|Real Sociedad|0|48|25|14|10|9|5|0|0|87|85|83|79|74|67|68|69
22|05/02/2012|Sporting de Gijón|Osasuna|1|18|27|6|5|3|2|0|0|74|69|69|69|72|64|71|68
22|05/02/2012|Sevilla|Villarreal|2|26|23|1|6|1|3|0|0|78|75|72|73|80|77|78|75
22|05/02/2012|Real Zaragoza|Rayo Vallecano|2|15|22|4|6|4|3|0|1|74|70|66|69|70|67|65|68
22|05/02/2012|Atlético de Madrid|Valencia|1|30|39|8|8|4|2|0|0|80|74|72|75|79|73|73|73
22|06/02/2012|Granada|Málaga|0|25|28|9|5|6|0|1|0|73|65|68|67|78|70|75|71
23|11/02/2012|Racing de Santander|Atlético de Madrid|1|23|31|10|9|5|4|0|0|72|63|68|66|80|74|72|75
23|11/02/2012|Osasuna|Barcelona|0|28|51|5|14|3|5|0|0|72|64|71|68|87|85|83|79
23|11/02/2012|Betis|Athletic Club|0|26|30|9|11|6|5|1|0|73|72|67|68|77|70|71|70
23|12/02/2012|Espanyol|Real Zaragoza|2|32|15|9|4|7|0|0|0|75|69|72|66|74|70|66|69
23|12/02/2012|Málaga|Mallorca|0|28|28|4|7|5|4|0|0|78|70|75|71|73|67|68|70
23|12/02/2012|Rayo Vallecano|Getafe|0|25|28|9|9|3|7|1|0|70|67|65|68|75|70|71|70
23|12/02/2012|Valencia|Sporting de Gijón|0|40|19|9|4|6|3|0|0|79|73|73|73|74|69|69|69
23|12/02/2012|Villarreal|Granada|0|26|28|8|12|3|3|0|1|80|77|78|75|73|65|68|67
23|12/02/2012|Real Madrid|Levante|0|58|32|18|2|6|0|0|0|85|77|81|75|73|68|68|70
23|13/02/2012|Real Sociedad|Sevilla|0|25|26|9|1|7|0|0|0|74|67|68|69|78|75|72|73
24|18/02/2012|Getafe|Espanyol|1|28|32|6|6|2|2|0|0|75|70|71|70|75|69|72|66
24|18/02/2012|Real Madrid|Racing de Santander|0|61|24|18|10|9|5|0|0|85|77|81|75|72|63|68|66
24|18/02/2012|Sevilla|Osasuna|0|26|31|1|5|1|2|0|0|78|75|72|73|72|64|71|68
24|19/02/2012|Granada|Real Sociedad|0|28|28|9|11|6|4|1|0|73|65|68|67|74|67|68|69
24|19/02/2012|Athletic Club|Málaga|0|30|31|8|7|4|0|0|0|77|70|71|70|78|70|75|71
24|19/02/2012|Sporting de Gijón|Atlético de Madrid|1|19|32|4|10|4|5|0|0|74|69|69|69|80|74|72|75
24|19/02/2012|Mallorca|Villarreal|0|28|29|7|11|6|6|0|0|73|67|68|70|80|77|78|75
24|19/02/2012|Levante|Rayo Vallecano|2|32|28|2|12|2|6|0|1|73|68|68|70|70|67|65|68
24|19/02/2012|Barcelona|Valencia|0|51|43|11|9|9|3|0|0|87|85|83|79|79|73|73|73
24|20/02/2012|Real Zaragoza|Betis|2|18|29|7|9|4|3|0|1|74|70|66|69|73|72|67|68
25|25/02/2012|Racing de Santander|Sporting de Gijón|1|24|20|7|5|5|0|0|0|72|63|68|66|74|69|69|69
25|25/02/2012|Betis|Getafe|1|32|29|9|6|6|4|1|0|73|72|67|68|75|70|71|70
25|25/02/2012|Málaga|Real Zaragoza|0|31|18|6|7|7|3|0|0|78|70|75|71|74|70|66|69
25|25/02/2012|Espanyol|Levante|2|33|32|6|1|4|0|0|0|75|69|72|66|73|68|68|70
25|26/02/2012|Villarreal|Athletic Club|1|29|33|10|10|5|4|0|0|80|77|78|75|77|70|71|70
25|26/02/2012|Rayo Vallecano|Real Madrid|2|31|64|12|18|6|9|1|0|70|67|65|68|85|77|81|75
25|26/02/2012|Valencia|Sevilla|2|43|29|8|4|6|0|0|0|79|73|73|73|78|75|72|73
25|26/02/2012|Osasuna|Granada|0|31|31|4|12|3|3|0|1|72|64|71|68|73|65|68|67
25|26/02/2012|Real Sociedad|Mallorca|0|28|31|10|9|7|1|0|0|74|67|68|69|73|67|68|70
25|26/02/2012|Atlético de Madrid|Barcelona|2|33|54|10|13|5|2|0|0|80|74|72|75|87|85|83|79
26|03/03/2012|Mallorca|Osasuna|1|31|34|9|7|9|1|0|0|73|67|68|70|72|64|71|68
26|03/03/2012|Getafe|Málaga|2|30|34|6|9|2|0|0|0|75|70|71|70|78|70|75|71
26|03/03/2012|Rayo Vallecano|Racing de Santander|0|31|25|9|5|3|2|1|0|70|67|65|68|72|63|68|66
26|03/03/2012|Barcelona|Sporting de Gijón|0|57|21|13|3|9|1|0|0|87|85|83|79|74|69|69|69
26|03/03/2012|Sevilla|Atlético de Madrid|1|32|33|6|7|3|5|0|0|78|75|72|73|80|74|72|75
26|04/03/2012|Real Zaragoza|Villarreal|0|18|30|6|11|3|6|0|0|74|70|66|69|80|77|78|75
26|04/03/2012|Athletic Club|Real Sociedad|0|34|31|8|10|4|1|0|0|77|70|71|70|74|67|68|69
26|04/03/2012|Granada|Valencia|2|31|43|12|8|9|2|1|0|73|65|68|67|79|73|73|73
26|04/03/2012|Real Madrid|Espanyol|0|67|33|18|5|9|2|0|0|85|77|81|75|75|69|72|66
26|05/03/2012|Levante|Betis|0|35|33|4|10|1|6|0|1|73|68|68|70|73|72|67|68
27|10/03/2012|Real Sociedad|Real Zaragoza|0|31|21|9|6|9|3|0|0|74|67|68|69|74|70|66|69
27|10/03/2012|Málaga|Levante|0|37|38|12|7|9|3|0|0|78|70|75|71|73|68|68|70
27|10/03/2012|Sporting de Gijón|Sevilla|0|21|33|3|7|2|3|0|0|74|69|69|69|78|75|72|73
27|10/03/2012|Betis|Real Madrid|2|33|70|7|18|4|9|1|0|73|72|67|68|85|77|81|75
27|11/03/2012|Atlético de Madrid|Granada|0|34|31|7|9|2|3|0|1|80|74|72|75|73|65|68|67
27|11/03/2012|Espanyol|Rayo Vallecano|0|33|34|5|12|3|6|0|1|75|69|72|66|70|67|65|68
27|11/03/2012|Valencia|Mallorca|1|46|32|8|7|6|0|0|0|79|73|73|73|73|67|68|70
27|11/03/2012|Racing de Santander|Barcelona|2|25|60|4|13|3|4|0|0|72|63|68|66|87|85|83|79
27|11/03/2012|Osasuna|Athletic Club|0|35|37|8|11|6|4|0|0|72|64|71|68|77|70|71|70
27|12/03/2012|Villarreal|Getafe|2|30|30|8|5|5|4|0|0|80|77|78|75|75|70|71|70
28|17/03/2012|Granada|Sporting de Gijón|0|31|24|6|6|6|1|1|0|73|65|68|67|74|69|69|69
28|17/03/2012|Real Zaragoza|Osasuna|1|21|38|6|11|3|2|0|0|74|70|66|69|72|64|71|68
28|17/03/2012|Getafe|Real Sociedad|0|33|34|5|9|1|0|0|0|75|70|71|70|74|67|68|69
28|17/03/2012|Sevilla|Barcelona|2|33|63|7|15|4|6|0|0|78|75|72|73|87|85|83|79
28|17/03/2012|Rayo Vallecano|Betis|0|34|33|12|7|6|3|1|1|70|67|65|68|73|72|67|68
28|18/03/2012|Levante|Villarreal|0|38|30|7|7|4|3|0|0|73|68|68|70|80|77|78|75
28|18/03/2012|Mallorca|Atlético de Madrid|0|33|37|8|7|7|3|0|0|73|67|68|70|80|74|72|75
28|18/03/2012|Athletic Club|Valencia|2|37|47|8|8|7|4|0|0|77|70|71|70|79|73|73|73
28|18/03/2012|Real Madrid|Málaga|1|73|40|18|12|9|3|0|0|85|77|81|75|78|70|75|71
28|19/03/2012|Espanyol|Racing de Santander|0|36|25|5|3|3|1|0|0|75|69|72|66|72|63|68|66
29|20/03/2012|Osasuna|Getafe|1|39|36|11|8|9|4|0|0|72|64|71|68|75|70|71|70
29|20/03/2012|Barcelona|Granada|0|66|34|15|6|9|0|0|1|87|85|83|79|73|65|68|67
29|21/03/2012|Sporting de Gijón|Mallorca|2|24|36|5|8|5|1|0|0|74|69|69|69|73|67|68|70
29|21/03/2012|Atlético de Madrid|Athletic Club|0|37|37|6|7|4|1|0|0|80|74|72|75|77|70|71|70
29|21/03/2012|Valencia|Real Zaragoza|2|50|22|10|7|4|3|0|0|79|73|73|73|74|70|66|69
29|21/03/2012|Real Sociedad|Levante|2|34|41|9|9|9|3|0|0|74|67|68|69|73|68|68|70
29|21/03/2012|Villarreal|Real Madrid|1|30|74|4|16|4|9|0|0|80|77|78|75|85|77|81|75
29|22/03/2012|Racing de Santander|Sevilla|2|25|33|2|7|2|3|0|0|72|63|68|66|78|75|72|73
29|22/03/2012|Betis|Espanyol|1|33|39|7|7|4|2|1|0|73|72|67|68|75|69|72|66
29|22/03/2012|Málaga|Rayo Vallecano|0|41|37|13|12|9|6|0|1|78|70|75|71|70|67|65|68
30|24/03/2012|Mallorca|Barcelona|2|39|69|11|18|7|9|0|0|73|67|68|70|87|85|83|79
30|24/03/2012|Real Madrid|Real Sociedad|0|75|34|14|6|7|0|0|0|85|77|81|75|74|67|68|69
30|24/03/2012|Getafe|Valencia|0|37|50|9|7|4|6|0|0|75|70|71|70|79|73|73|73
30|25/03/2012|Real Zaragoza|Atlético de Madrid|0|25|40|7|8|4|2|0|0|74|70|66|69|80|74|72|75
30|25/03/2012|Levante|Osasuna|2|44|40|12|9|6|2|0|0|73|68|68|70|72|64|71|68
30|25/03/2012|Espanyol|Málaga|2|40|44|8|13|6|4|0|0|75|69|72|66|78|70|75|71
30|25/03/2012|Athletic Club|Sporting de Gijón|1|37|24|7|5|6|1|0|0|77|70|71|70|74|69|69|69
30|25/03/2012|Rayo Vallecano|Villarreal|2|37|31|9|2|6|0|1|0|70|67|65|68|80|77|78|75
30|25/03/2012|Betis|Racing de Santander|1|34|25|5|1|2|0|1|0|73|72|67|68|72|63|68|66
30|26/03/2012|Granada|Sevilla|2|34|36|6|10|6|6|1|0|73|65|68|67|78|75|72|73
31|31/03/2012|Racing de Santander|Granada|2|26|34|2|3|1|0|0|1|72|63|68|66|73|65|68|67
31|31/03/2012|Sporting de Gijón|Real Zaragoza|2|25|28|5|10|4|3|0|0|74|69|69|69|74|70|66|69
31|31/03/2012|Osasuna|Real Madrid|2|43|78|12|14|7|7|0|0|72|64|71|68|85|77|81|75
31|31/03/2012|Barcelona|Athletic Club|0|72|38|18|5|9|1|0|0|87|85|83|79|77|70|71|70
31|31/03/2012|Málaga|Betis|2|47|35|16|3|9|3|0|1|78|70|75|71|73|72|67|68
31|01/04/2012|Atlético de Madrid|Getafe|0|40|40|7|11|6|5|0|0|80|74|72|75|75|70|71|70
31|01/04/2012|Valencia|Levante|1|50|44|7|12|1|6|0|0|79|73|73|73|73|68|68|70
31|01/04/2012|Real Sociedad|Rayo Vallecano|0|34|37|6|6|6|3|0|1|74|67|68|69|70|67|65|68
31|01/04/2012|Villarreal|Espanyol|1|34|40|5|7|2|2|0|0|80|77|78|75|75|69|72|66
31|02/04/2012|Sevilla|Mallorca|0|39|39|10|8|4|4|0|0|78|75|72|73|73|67|68|70
32|07/04/2012|Getafe|Sporting de Gijón|0|40|25|10|4|6|1|0|0|75|70|71|70|74|69|69|69
32|07/04/2012|Rayo Vallecano|Osasuna|0|37|43|6|9|6|5|1|0|70|67|65|68|72|64|71|68
32|07/04/2012|Espanyol|Real Sociedad|1|41|37|8|6|6|0|0|0|75|69|72|66|74|67|68|69
32|07/04/2012|Real Zaragoza|Barcelona|2|31|75|13|18|7|9|0|0|74|70|66|69|87|85|83|79
32|07/04/2012|Betis|Villarreal|0|38|35|5|5|2|3|1|0|73|72|67|68|80|77|78|75
32|08/04/2012|Levante|Atlético de Madrid|0|45|43|10|10|6|1|0|0|73|68|68|70|80|74|72|75
32|08/04/2012|Mallorca|Granada|1|39|37|8|6|4|3|0|1|73|67|68|70|73|65|68|67
32|08/04/2012|Athletic Club|Sevilla|0|38|42|4|10|4|6|0|0|77|70|71|70|78|75|72|73
32|08/04/2012|Real Madrid|Valencia|1|81|51|14|8|7|6|0|0|85|77|81|75|79|73|73|73
32|09/04/2012|Málaga|Racing de Santander|0|47|26|13|1|6|1|0|0|78|70|75|71|72|63|68|66
33|10/04/2012|Osasuna|Espanyol|0|43|42|8|9|4|2|0|0|72|64|71|68|75|69|72|66
33|10/04/2012|Real Sociedad|Betis|1|38|41|7|8|6|3|0|1|74|67|68|69|73|72|67|68
33|10/04/2012|Barcelona|Getafe|0|78|43|18|13|9|4|0|0|87|85|83|79|75|70|71|70
33|11/04/2012|Granada|Athletic Club|1|38|41|7|4|3|0|1|0|73|65|68|67|77|70|71|70
33|11/04/2012|Sporting de Gijón|Levante|0|25|48|4|10|3|4|0|0|74|69|69|69|73|68|68|70
33|11/04/2012|Valencia|Rayo Vallecano|0|52|40|6|6|2|0|0|1|79|73|73|73|70|67|65|68
33|11/04/2012|Atlético de Madrid|Real Madrid|2|43|82|9|12|9|7|0|0|80|74|72|75|85|77|81|75
33|12/04/2012|Villarreal|Málaga|0|35|50|5|13|2|7|0|0|80|77|78|75|78|70|75|71
33|12/04/2012|Racing de Santander|Mallorca|2|26|40|1|8|0|4|0|0|72|63|68|66|73|67|68|70
33|12/04/2012|Sevilla|Real Zaragoza|0|42|31|9|10|4|6|0|0|78|75|72|73|74|70|66|69
34|14/04/2012|Real Madrid|Sporting de Gijón|0|85|28|12|4|5|1|0|0|85|77|81|75|74|69|69|69
34|14/04/2012|Levante|Barcelona|2|48|81|10|18|6|9|0|0|73|68|68|70|87|85|83|79
34|15/04/2012|Espanyol|Valencia|0|42|55|6|8|4|4|0|0|75|69|72|66|79|73|73|73
34|15/04/2012|Real Zaragoza|Granada|0|31|39|10|8|4|4|0|1|74|70|66|69|73|65|68|67
34|15/04/2012|Betis|Osasuna|0|42|46|9|8|5|4|1|0|73|72|67|68|72|64|71|68
34|15/04/2012|Málaga|Real Sociedad|1|50|39|10|5|6|1|0|0|78|70|75|71|74|67|68|69
34|15/04/2012|Villarreal|Racing de Santander|1|38|26|8|1|5|1|0|0|80|77|78|75|72|63|68|66
34|15/04/2012|Athletic Club|Mallorca|0|42|43|5|10|4|6|0|0|77|70|71|70|73|67|68|70
34|15/04/2012|Rayo Vallecano|Atlético de Madrid|2|40|43|6|6|6|0|1|0|70|67|65|68|80|74|72|75
34|16/04/2012|Getafe|Sevilla|0|43|45|10|12|9|6|0|0|75|70|71|70|78|75|72|73
35|21/04/2012|Mallorca|Real Zaragoza|0|43|34|7|12|4|6|0|0|73|67|68|70|74|70|66|69
35|21/04/2012|Sporting de Gijón|Rayo Vallecano|0|28|40|4|3|3|0|0|1|74|69|69|69|70|67|65|68
35|21/04/2012|Barcelona|Real Madrid|2|84|88|18|14|9|7|0|0|87|85|83|79|85|77|81|75
35|21/04/2012|Sevilla|Levante|1|45|48|12|7|6|4|0|0|78|75|72|73|73|68|68|70
35|22/04/2012|Granada|Getafe|0|39|46|5|10|4|1|1|0|73|65|68|67|75|70|71|70
35|22/04/2012|Real Sociedad|Villarreal|1|40|39|6|9|4|3|0|0|74|67|68|69|80|77|78|75
35|22/04/2012|Racing de Santander|Athletic Club|2|27|45|2|8|0|1|0|0|72|63|68|66|77|70|71|70
35|22/04/2012|Atlético de Madrid|Espanyol|0|46|45|9|6|6|2|0|0|80|74|72|75|75|69|72|66
35|22/04/2012|Valencia|Betis|0|55|45|5|12|4|4|0|1|79|73|73|73|73|72|67|68
35|23/04/2012|Osasuna|Málaga|1|46|51|7|10|4|4|0|0|72|64|71|68|78|70|75|71
36|28/04/2012|Getafe|Mallorca|2|46|46|9|7|9|3|0|0|75|70|71|70|73|67|68|70
36|28/04/2012|Levante|Granada|0|49|42|5|8|3|4|0|1|73|68|68|70|73|65|68|67
36|28/04/2012|Espanyol|Sporting de Gijón|2|45|31|5|7|4|1|0|0|75|69|72|66|74|69|69|69
36|28/04/2012|Real Sociedad|Racing de Santander|0|41|27|7|2|5|2|0|0|74|67|68|69|72|63|68|66
36|28/04/2012|Villarreal|Osasuna|1|40|47|9|7|5|3|0|0|80|77|78|75|72|64|71|68
36|29/04/2012|Real Madrid|Sevilla|0|91|46|16|10|7|3|0|0|85|77|81|75|78|75|72|73
36|29/04/2012|Real Zaragoza|Athletic Club|0|34|48|9|11|6|4|0|0|74|70|66|69|77|70|71|70
36|29/04/2012|Málaga|Valencia|0|52|58|8|8|4|1|0|0|78|70|75|71|79|73|73|73
36|29/04/2012|Betis|Atlético de Madrid|1|45|49|11|9|7|3|1|0|73|72|67|68|80|74|72|75
36|29/04/2012|Rayo Vallecano|Barcelona|2|40|84|3|15|3|9|1|0|70|67|65|68|87|85|83|79
37|05/05/2012|Real Zaragoza|Racing de Santander|0|37|27|9|1|6|1|0|0|74|70|66|69|72|63|68|66
37|05/05/2012|Athletic Club|Getafe|1|48|46|10|6|7|0|0|0|77|70|71|70|75|70|71|70
37|05/05/2012|Mallorca|Levante|0|49|52|10|8|4|2|0|0|73|67|68|70|73|68|68|70
37|05/05/2012|Granada|Real Madrid|2|42|94|8|16|4|9|1|0|73|65|68|67|85|77|81|75
37|05/05/2012|Sevilla|Rayo Vallecano|0|46|40|7|3|7|0|0|1|78|75|72|73|70|67|65|68
37|05/05/2012|Barcelona|Espanyol|0|87|45|15|5|6|1|0|0|87|85|83|79|75|69|72|66
37|05/05/2012|Sporting de Gijón|Betis|0|34|46|9|11|6|4|0|1|74|69|69|69|73|72|67|68
37|05/05/2012|Atlético de Madrid|Málaga|0|50|55|10|8|6|4|0|0|80|74|72|75|78|70|75|71
37|05/05/2012|Valencia|Villarreal|0|58|41|8|7|7|4|0|0|79|73|73|73|80|77|78|75
37|05/05/2012|Osasuna|Real Sociedad|0|48|44|5|10|4|2|0|0|72|64|71|68|74|67|68|69
38|12/05/2012|Real Sociedad|Valencia|0|44|61|7|10|5|1|0|0|74|67|68|69|79|73|73|73
38|12/05/2012|Betis|Barcelona|1|46|90|8|15|7|9|1|0|73|72|67|68|87|85|83|79
38|13/05/2012|Getafe|Real Zaragoza|2|47|40|7|9|6|3|0|0|75|70|71|70|74|70|66|69
38|13/05/2012|Levante|Athletic Club|0|52|49|7|11|6|4|0|0|73|68|68|70|77|70|71|70
38|13/05/2012|Real Madrid|Mallorca|0|97|52|16|13|7|6|0|0|85|77|81|75|73|67|68|70
38|13/05/2012|Rayo Vallecano|Granada|0|40|42|3|5|3|1|1|1|70|67|65|68|73|65|68|67
38|13/05/2012|Espanyol|Sevilla|1|45|49|4|7|4|0|0|0|75|69|72|66|78|75|72|73
38|13/05/2012|Málaga|Sporting de Gijón|0|55|37|8|12|7|3|0|0|78|70|75|71|74|69|69|69
38|13/05/2012|Villarreal|Atlético de Madrid|2|41|53|6|10|5|4|0|0|80|77|78|75|80|74|72|75
38|13/05/2012|Racing de Santander|Osasuna|2|27|51|1|8|0|1|0|0|72|63|68|66|72|64|71|68
