1|26/08/2006|Valencia|Betis|0|0|0|0|0|0|0|0|0|81|83|80|78|76|76|74|73
1|27/08/2006|Athletic Club|Real Sociedad|1|0|0|0|0|0|0|0|0|76|75|74|73|72|72|72|70
1|27/08/2006|Deportivo de La Coruña|Real Zaragoza|0|0|0|0|0|0|0|0|0|75|72|75|75|76|78|77|72
1|27/08/2006|Espanyol|Gimnàstic de Tarragona|2|0|0|0|0|0|0|0|1|76|78|74|72|72|75|70|68
1|27/08/2006|Recreativo de Huelva|Mallorca|1|0|0|0|0|0|0|1|0|72|70|71|68|72|71|71|71
1|27/08/2006|Osasuna|Getafe|2|0|0|0|0|0|0|0|0|78|80|76|73|74|74|74|74
1|27/08/2006|Racing de Santander|Atlético de Madrid|2|0|0|0|0|0|0|0|0|72|72|71|68|79|82|76|77
1|27/08/2006|Real Madrid|Villarreal|1|0|0|0|0|0|0|0|0|84|85|81|81|77|80|76|73
1|28/08/2006|Celta de Vigo|Barcelona|2|0|0|0|0|0|0|0|0|74|76|73|73|85|83|83|82
1|29/08/2006|Sevilla|Levante|0|0|0|0|0|0|0|0|1|79|81|76|77|74|73|74|73
2|09/09/2006|Atlético de Madrid|Valencia|2|3|3|3|3|0|0|0|0|79|82|76|77|81|83|80|78
2|09/09/2006|Barcelona|Osasuna|0|3|0|3|0|0|0|0|0|85|83|83|82|78|80|76|73
2|10/09/2006|Betis|Athletic Club|0|0|1|0|1|0|0|0|0|76|76|74|73|76|75|74|73
2|10/09/2006|Getafe|Racing de Santander|0|3|0|3|0|0|0|0|0|74|74|74|74|72|72|71|68
2|10/09/2006|Levante|Real Madrid|2|0|1|0|1|0|0|1|0|74|73|74|73|84|85|81|81
2|10/09/2006|Mallorca|Deportivo de La Coruña|1|1|3|1|3|0|0|0|0|72|71|71|71|75|72|75|75
2|10/09/2006|Real Sociedad|Sevilla|2|1|3|1|3|0|0|0|0|72|72|72|70|79|81|76|77
2|10/09/2006|Gimnàstic de Tarragona|Celta de Vigo|2|3|0|3|0|0|0|1|0|72|75|70|68|74|76|73|73
2|10/09/2006|Villarreal|Recreativo de Huelva|2|1|1|1|1|0|0|0|1|77|80|76|73|72|70|71|68
2|10/09/2006|Real Zaragoza|Espanyol|0|0|0|0|0|0|0|0|0|76|78|77|72|76|78|74|72
3|16/09/2006|Deportivo de La Coruña|Villarreal|0|4|1|4|1|3|1|0|0|75|72|75|75|77|80|76|73
3|17/09/2006|Athletic Club|Atlético de Madrid|2|1|3|1|3|1|3|0|0|76|75|74|73|79|82|76|77
3|17/09/2006|Espanyol|Celta de Vigo|0|0|3|0|3|0|3|0|0|76|78|74|72|74|76|73|73
3|17/09/2006|Recreativo de Huelva|Levante|2|4|0|4|0|1|0|1|1|72|70|71|68|74|73|74|73
3|17/09/2006|Osasuna|Gimnàstic de Tarragona|0|0|3|0|3|0|3|0|1|78|80|76|73|72|75|70|68
3|17/09/2006|Racing de Santander|Barcelona|2|0|6|0|6|0|3|0|0|72|72|71|68|85|83|83|82
3|17/09/2006|Real Madrid|Real Sociedad|0|4|1|4|1|1|1|0|0|84|85|81|81|72|72|72|70
3|17/09/2006|Sevilla|Betis|0|6|3|6|3|3|0|0|0|79|81|76|77|76|76|74|73
3|17/09/2006|Valencia|Getafe|0|6|6|6|6|3|3|0|0|81|83|80|78|74|74|74|74
3|17/09/2006|Real Zaragoza|Mallorca|0|3|2|3|2|3|1|0|0|76|78|77|72|72|71|71|71
4|23/09/2006|Betis|Real Madrid|2|3|7|3|7|3|3|0|0|76|76|74|73|84|85|81|81
4|24/09/2006|Atlético de Madrid|Sevilla|0|6|9|6|9|0|3|0|0|79|82|76|77|79|81|76|77
4|24/09/2006|Barcelona|Valencia|1|9|9|9|9|3|3|0|0|85|83|83|82|81|83|80|78
4|24/09/2006|Celta de Vigo|Osasuna|2|3|3|3|3|0|0|0|0|74|76|73|73|78|80|76|73
4|24/09/2006|Getafe|Athletic Club|1|6|1|6|1|3|0|0|0|74|74|74|74|76|75|74|73
4|24/09/2006|Levante|Deportivo de La Coruña|0|3|7|3|7|0|1|1|0|74|73|74|73|75|72|75|75
4|24/09/2006|Mallorca|Espanyol|0|2|3|2|3|1|0|0|0|72|71|71|71|76|78|74|72
4|24/09/2006|Real Sociedad|Recreativo de Huelva|2|1|4|1|4|0|3|0|1|72|72|72|70|72|70|71|68
4|24/09/2006|Gimnàstic de Tarragona|Racing de Santander|1|3|0|3|0|0|0|1|0|72|75|70|68|72|72|71|68
4|24/09/2006|Villarreal|Real Zaragoza|0|1|6|1|6|0|0|0|0|77|80|76|73|76|78|77|72
5|30/09/2006|Athletic Club|Barcelona|2|2|10|2|10|1|6|0|0|76|75|74|73|85|83|83|82
5|01/10/2006|Deportivo de La Coruña|Real Sociedad|0|7|1|7|1|6|1|0|0|75|72|75|75|72|72|72|70
5|01/10/2006|Espanyol|Osasuna|1|3|6|3|6|3|3|0|0|76|78|74|72|78|80|76|73
5|01/10/2006|Recreativo de Huelva|Betis|0|7|3|7|3|1|0|1|0|72|70|71|68|76|76|74|73
5|01/10/2006|Mallorca|Villarreal|2|5|4|5|4|4|1|0|0|72|71|71|71|77|80|76|73
5|01/10/2006|Racing de Santander|Celta de Vigo|1|1|3|1|3|0|3|0|0|72|72|71|68|74|76|73|73
5|01/10/2006|Real Madrid|Atlético de Madrid|1|10|9|10|9|4|6|0|0|84|85|81|81|79|82|76|77
5|01/10/2006|Sevilla|Getafe|0|9|7|9|7|6|3|0|0|79|81|76|77|74|74|74|74
5|01/10/2006|Valencia|Gimnàstic de Tarragona|0|10|4|10|4|6|3|0|1|81|83|80|78|72|75|70|68
5|01/10/2006|Real Zaragoza|Levante|1|6|6|6|6|6|3|0|1|76|78|77|72|74|73|74|73
6|14/10/2006|Atlético de Madrid|Recreativo de Huelva|0|10|10|10|10|3|6|0|1|79|82|76|77|72|70|71|68
6|14/10/2006|Getafe|Real Madrid|0|7|11|7|11|4|6|0|0|74|74|74|74|84|85|81|81
6|15/10/2006|Barcelona|Sevilla|0|13|12|13|12|4|3|0|0|85|83|83|82|79|81|76|77
6|15/10/2006|Betis|Deportivo de La Coruña|1|3|10|3|10|3|1|0|0|76|76|74|73|75|72|75|75
6|15/10/2006|Celta de Vigo|Valencia|0|4|13|4|13|0|4|0|0|74|76|73|73|81|83|80|78
6|15/10/2006|Levante|Mallorca|2|7|5|7|5|3|1|1|0|74|73|74|73|72|71|71|71
6|15/10/2006|Osasuna|Racing de Santander|2|7|2|7|2|3|1|0|0|78|80|76|73|72|72|71|68
6|15/10/2006|Real Sociedad|Real Zaragoza|2|1|7|1|7|0|0|0|0|72|72|72|70|76|78|77|72
6|15/10/2006|Gimnàstic de Tarragona|Athletic Club|2|4|2|4|2|1|1|1|0|72|75|70|68|76|75|74|73
6|15/10/2006|Villarreal|Espanyol|1|7|4|7|4|3|0|0|0|77|80|76|73|76|78|74|72
7|21/10/2006|Deportivo de La Coruña|Atlético de Madrid|0|11|13|11|13|9|7|0|0|75|72|75|75|79|82|76|77
7|21/10/2006|Villarreal|Levante|1|8|7|8|7|4|4|0|1|77|80|76|73|74|73|74|73
7|21/10/2006|Real Zaragoza|Betis|0|10|4|10|4|7|0|0|0|76|78|77|72|76|76|74|73
7|22/10/2006|Athletic Club|Celta de Vigo|2|5|7|5|7|1|4|0|0|76|75|74|73|74|76|73|73
7|22/10/2006|Espanyol|Racing de Santander|1|5|5|5|5|4|4|0|0|76|78|74|72|72|72|71|68
7|22/10/2006|Recreativo de Huelva|Getafe|2|10|10|10|10|4|3|1|0|72|70|71|68|74|74|74|74
7|22/10/2006|Mallorca|Real Sociedad|1|8|1|8|1|4|1|0|0|72|71|71|71|72|72|72|70
7|22/10/2006|Real Madrid|Barcelona|0|11|16|11|16|5|9|0|0|84|85|81|81|85|83|83|82
7|22/10/2006|Sevilla|Gimnàstic de Tarragona|0|12|4|12|4|9|3|0|1|79|81|76|77|72|75|70|68
7|22/10/2006|Valencia|Osasuna|0|13|7|13|7|9|4|0|0|81|83|80|78|78|80|76|73
8|28/10/2006|Barcelona|Recreativo de Huelva|0|16|10|13|9|7|6|0|1|85|83|83|82|72|70|71|68
8|28/10/2006|Racing de Santander|Valencia|0|6|16|6|13|1|4|0|0|72|72|71|68|81|83|80|78
8|28/10/2006|Gimnàstic de Tarragona|Real Madrid|2|4|14|1|13|1|6|1|0|72|75|70|68|84|85|81|81
8|29/10/2006|Atlético de Madrid|Real Zaragoza|2|13|13|10|13|6|3|0|0|79|82|76|77|76|78|77|72
8|29/10/2006|Betis|Mallorca|2|4|9|4|8|4|4|0|0|76|76|74|73|72|71|71|71
8|29/10/2006|Celta de Vigo|Sevilla|2|10|15|10|12|3|3|0|0|74|76|73|73|79|81|76|77
8|29/10/2006|Getafe|Deportivo de La Coruña|0|13|14|10|11|7|2|0|0|74|74|74|74|75|72|75|75
8|29/10/2006|Levante|Espanyol|1|8|6|8|6|3|1|1|0|74|73|74|73|76|78|74|72
8|29/10/2006|Osasuna|Athletic Club|1|7|5|7|4|3|4|0|0|78|80|76|73|76|75|74|73
8|29/10/2006|Real Sociedad|Villarreal|2|2|9|1|8|0|4|0|0|72|72|72|70|77|80|76|73
9|04/11/2006|Deportivo de La Coruña|Barcelona|1|14|19|10|13|9|6|0|0|75|72|75|75|85|83|83|82
9|04/11/2006|Levante|Real Sociedad|0|9|2|9|1|4|1|1|0|74|73|74|73|72|72|72|70
9|04/11/2006|Mallorca|Atlético de Madrid|1|12|13|10|10|4|4|0|0|72|71|71|71|79|82|76|77
9|05/11/2006|Athletic Club|Racing de Santander|1|6|9|5|9|0|5|0|0|76|75|74|73|72|72|71|68
9|05/11/2006|Espanyol|Valencia|1|7|16|7|10|5|1|0|0|76|78|74|72|81|83|80|78
9|05/11/2006|Recreativo de Huelva|Gimnàstic de Tarragona|0|10|4|6|1|3|0|1|1|72|70|71|68|72|75|70|68
9|05/11/2006|Real Madrid|Celta de Vigo|2|17|10|13|7|7|4|0|0|84|85|81|81|74|76|73|73
9|05/11/2006|Sevilla|Osasuna|0|18|8|12|8|9|4|0|0|79|81|76|77|78|80|76|73
9|05/11/2006|Villarreal|Betis|0|12|4|11|1|5|0|0|0|77|80|76|73|76|76|74|73
9|05/11/2006|Real Zaragoza|Getafe|0|16|16|13|10|7|3|0|0|76|78|77|72|74|74|74|74
10|11/11/2006|Atlético de Madrid|Villarreal|0|14|15|8|14|6|6|0|0|79|82|76|77|77|80|76|73
10|11/11/2006|Valencia|Athletic Club|1|17|7|8|6|9|5|0|0|81|83|80|78|76|75|74|73
10|12/11/2006|Barcelona|Real Zaragoza|0|20|19|11|13|7|6|0|0|85|83|83|82|76|78|77|72
10|12/11/2006|Betis|Levante|0|4|12|1|9|1|5|0|1|76|76|74|73|74|73|74|73
10|12/11/2006|Celta de Vigo|Recreativo de Huelva|2|13|13|10|9|3|3|0|1|74|76|73|73|72|70|71|68
10|12/11/2006|Getafe|Mallorca|0|16|13|10|11|7|6|0|0|74|74|74|74|72|71|71|71
10|12/11/2006|Osasuna|Real Madrid|2|8|17|5|10|4|6|0|0|78|80|76|73|84|85|81|81
10|12/11/2006|Racing de Santander|Sevilla|1|10|21|10|12|4|3|0|0|72|72|71|68|79|81|76|77
10|12/11/2006|Real Sociedad|Espanyol|1|2|8|1|5|0|2|0|0|72|72|72|70|76|78|74|72
10|12/11/2006|Gimnàstic de Tarragona|Deportivo de La Coruña|1|4|15|1|8|1|1|1|0|72|75|70|68|75|72|75|75
11|18/11/2006|Real Madrid|Racing de Santander|0|20|11|10|10|4|5|0|0|84|85|81|81|72|72|71|68
11|18/11/2006|Sevilla|Valencia|0|22|18|13|8|9|1|0|0|79|81|76|77|81|83|80|78
11|19/11/2006|Deportivo de La Coruña|Celta de Vigo|2|16|13|9|10|7|7|0|0|75|72|75|75|74|76|73|73
11|19/11/2006|Espanyol|Athletic Club|0|9|8|6|6|3|5|0|0|76|78|74|72|76|75|74|73
11|19/11/2006|Recreativo de Huelva|Osasuna|0|16|8|9|2|6|1|1|0|72|70|71|68|78|80|76|73
11|19/11/2006|Levante|Atlético de Madrid|2|12|17|6|8|4|2|1|0|74|73|74|73|79|82|76|77
11|19/11/2006|Mallorca|Barcelona|2|13|23|8|13|2|4|0|0|72|71|71|71|85|83|83|82
11|19/11/2006|Real Sociedad|Betis|1|3|7|2|4|1|0|0|0|72|72|72|70|76|76|74|73
11|19/11/2006|Villarreal|Getafe|0|15|19|11|12|5|3|0|0|77|80|76|73|74|74|74|74
11|19/11/2006|Real Zaragoza|Gimnàstic de Tarragona|0|19|5|13|1|7|0|0|1|76|78|77|72|72|75|70|68
12|25/11/2006|Atlético de Madrid|Real Sociedad|1|20|4|10|3|6|1|0|0|79|82|76|77|72|72|72|70
12|25/11/2006|Barcelona|Villarreal|0|26|18|13|11|9|6|0|0|85|83|83|82|77|80|76|73
12|26/11/2006|Athletic Club|Sevilla|2|8|25|6|13|1|4|0|0|76|75|74|73|79|81|76|77
12|26/11/2006|Betis|Espanyol|1|8|12|5|8|4|3|0|0|76|76|74|73|76|78|74|72
12|26/11/2006|Celta de Vigo|Real Zaragoza|1|16|22|12|15|3|6|0|0|74|76|73|73|76|78|77|72
12|26/11/2006|Getafe|Levante|1|19|12|12|5|9|2|0|1|74|74|74|74|74|73|74|73
12|26/11/2006|Osasuna|Deportivo de La Coruña|0|8|16|1|6|1|2|0|0|78|80|76|73|75|72|75|75
12|26/11/2006|Racing de Santander|Recreativo de Huelva|0|11|19|9|9|5|3|0|1|72|72|71|68|72|70|71|68
12|26/11/2006|Gimnàstic de Tarragona|Mallorca|2|5|13|1|8|1|6|1|0|72|75|70|68|72|71|71|71
12|26/11/2006|Valencia|Real Madrid|2|18|23|5|12|7|6|0|0|81|83|80|78|84|85|81|81
13|02/12/2006|Betis|Atlético de Madrid|2|9|21|5|8|4|4|0|0|76|76|74|73|79|82|76|77
13|02/12/2006|Recreativo de Huelva|Valencia|0|19|18|9|5|6|1|1|0|72|70|71|68|81|83|80|78
13|02/12/2006|Levante|Barcelona|1|13|29|6|13|4|4|1|0|74|73|74|73|85|83|83|82
13|03/12/2006|Deportivo de La Coruña|Racing de Santander|1|16|14|5|9|4|2|0|0|75|72|75|75|72|72|71|68
13|03/12/2006|Espanyol|Sevilla|0|13|28|8|16|5|7|0|0|76|78|74|72|79|81|76|77
13|03/12/2006|Mallorca|Celta de Vigo|1|16|17|8|10|2|9|0|0|72|71|71|71|74|76|73|73
13|03/12/2006|Real Sociedad|Getafe|1|5|20|4|10|2|3|0|0|72|72|72|70|74|74|74|74
13|03/12/2006|Real Madrid|Athletic Club|0|26|8|15|3|6|2|0|0|84|85|81|81|76|75|74|73
13|03/12/2006|Villarreal|Gimnàstic de Tarragona|0|18|5|10|1|7|0|0|1|77|80|76|73|72|75|70|68
13|03/12/2006|Real Zaragoza|Osasuna|2|23|11|13|4|9|0|0|0|76|78|77|72|78|80|76|73
14|09/12/2006|Barcelona|Real Sociedad|0|30|6|14|4|9|2|0|0|85|83|83|82|72|72|72|70
14|09/12/2006|Sevilla|Real Madrid|0|28|29|13|15|9|9|0|0|79|81|76|77|84|85|81|81
14|10/12/2006|Athletic Club|Recreativo de Huelva|0|8|22|3|12|1|3|0|1|76|75|74|73|72|70|71|68
14|10/12/2006|Atlético de Madrid|Espanyol|2|24|16|11|10|4|3|0|0|79|82|76|77|76|78|74|72
14|10/12/2006|Celta de Vigo|Villarreal|1|18|21|8|12|1|3|0|0|74|76|73|73|77|80|76|73
14|10/12/2006|Getafe|Betis|1|21|9|8|5|7|1|0|0|74|74|74|74|76|76|74|73
14|10/12/2006|Osasuna|Mallorca|0|14|17|7|8|4|6|0|0|78|80|76|73|72|71|71|71
14|10/12/2006|Racing de Santander|Real Zaragoza|2|15|23|9|10|7|4|0|0|72|72|71|68|76|78|77|72
14|10/12/2006|Gimnàstic de Tarragona|Levante|0|5|14|1|6|1|2|1|1|72|75|70|68|74|73|74|73
14|10/12/2006|Valencia|Deportivo de La Coruña|0|18|17|2|3|4|1|0|0|81|83|80|78|75|72|75|75
15|16/12/2006|Deportivo de La Coruña|Athletic Club|2|17|11|3|5|2|1|0|0|75|72|75|75|76|75|74|73
15|16/12/2006|Mallorca|Racing de Santander|2|17|15|5|6|2|2|0|0|72|71|71|71|72|72|71|68
15|16/12/2006|Real Zaragoza|Valencia|2|26|21|10|5|6|1|0|0|76|78|77|72|81|83|80|78
15|17/12/2006|Atlético de Madrid|Getafe|0|24|22|11|6|4|1|0|0|79|82|76|77|74|74|74|74
15|17/12/2006|Espanyol|Real Madrid|2|19|29|12|12|7|6|0|0|76|78|74|72|84|85|81|81
15|17/12/2006|Recreativo de Huelva|Sevilla|2|22|31|12|13|9|4|1|0|72|70|71|68|79|81|76|77
15|17/12/2006|Levante|Celta de Vigo|1|14|19|5|9|4|7|1|0|74|73|74|73|74|76|73|73
15|17/12/2006|Real Sociedad|Gimnàstic de Tarragona|0|6|8|4|4|3|0|0|1|72|72|72|70|72|75|70|68
15|17/12/2006|Villarreal|Osasuna|2|22|17|10|9|9|3|0|0|77|80|76|73|78|80|76|73
15|24/01/2007|Betis|Barcelona|1|10|33|6|14|4|5|0|0|76|76|74|73|85|83|83|82
16|19/12/2006|Athletic Club|Real Zaragoza|1|14|26|7|7|4|4|0|0|76|75|74|73|76|78|77|72
16|19/12/2006|Valencia|Mallorca|0|24|17|7|4|4|3|0|0|81|83|80|78|72|71|71|71
16|20/12/2006|Celta de Vigo|Real Sociedad|1|20|9|7|7|2|1|0|0|74|76|73|73|72|72|72|70
16|20/12/2006|Getafe|Espanyol|2|22|19|6|11|5|5|0|0|74|74|74|74|76|78|74|72
16|20/12/2006|Osasuna|Levante|0|20|15|12|3|6|1|0|1|78|80|76|73|74|73|74|73
16|20/12/2006|Racing de Santander|Villarreal|0|18|22|8|7|4|1|0|0|72|72|71|68|77|80|76|73
16|20/12/2006|Real Madrid|Recreativo de Huelva|2|32|22|15|9|6|3|0|1|84|85|81|81|72|70|71|68
16|20/12/2006|Sevilla|Deportivo de La Coruña|0|34|17|13|2|9|1|0|0|79|81|76|77|75|72|75|75
16|20/12/2006|Gimnàstic de Tarragona|Betis|2|8|11|4|7|4|2|1|0|72|75|70|68|76|76|74|73
16|21/12/2006|Barcelona|Atlético de Madrid|1|34|27|14|13|9|7|0|0|85|83|83|82|79|82|76|77
17|06/01/2007|Atlético de Madrid|Gimnàstic de Tarragona|1|28|8|11|3|4|0|0|1|79|82|76|77|72|75|70|68
17|06/01/2007|Real Sociedad|Osasuna|0|10|23|7|15|5|6|0|0|72|72|72|70|78|80|76|73
17|06/01/2007|Real Zaragoza|Sevilla|0|27|37|8|15|3|6|0|0|76|78|77|72|79|81|76|77
17|07/01/2007|Betis|Celta de Vigo|0|14|21|7|8|2|5|0|0|76|76|74|73|74|76|73|73
17|07/01/2007|Deportivo de La Coruña|Real Madrid|0|17|32|1|12|1|6|0|0|75|72|75|75|84|85|81|81
17|07/01/2007|Espanyol|Recreativo de Huelva|2|22|25|13|9|6|3|0|1|76|78|74|72|72|70|71|68
17|07/01/2007|Getafe|Barcelona|1|22|35|3|12|2|5|0|0|74|74|74|74|85|83|83|82
17|07/01/2007|Levante|Racing de Santander|0|15|21|3|10|2|4|1|0|74|73|74|73|72|72|71|68
17|07/01/2007|Mallorca|Athletic Club|2|17|15|4|7|1|3|0|0|72|71|71|71|76|75|74|73
17|07/01/2007|Villarreal|Valencia|2|22|27|7|9|6|3|0|0|77|80|76|73|81|83|80|78
18|13/01/2007|Espanyol|Barcelona|0|22|36|10|10|3|3|0|0|76|78|74|72|85|83|83|82
18|13/01/2007|Valencia|Levante|0|30|18|12|6|6|1|0|1|81|83|80|78|74|73|74|73
18|14/01/2007|Athletic Club|Villarreal|2|18|22|10|4|4|1|0|0|76|75|74|73|77|80|76|73
18|14/01/2007|Celta de Vigo|Atlético de Madrid|2|21|29|5|9|3|7|0|0|74|76|73|73|79|82|76|77
18|14/01/2007|Recreativo de Huelva|Deportivo de La Coruña|1|28|20|9|4|6|0|1|0|72|70|71|68|75|72|75|75
18|14/01/2007|Osasuna|Betis|0|23|17|15|9|9|5|0|0|78|80|76|73|76|76|74|73
18|14/01/2007|Racing de Santander|Real Sociedad|0|21|13|10|9|6|2|0|0|72|72|71|68|72|72|72|70
18|14/01/2007|Real Madrid|Real Zaragoza|0|32|30|9|8|6|5|0|0|84|85|81|81|76|78|77|72
18|14/01/2007|Sevilla|Mallorca|2|37|17|12|4|9|3|0|0|79|81|76|77|72|71|71|71
18|14/01/2007|Gimnàstic de Tarragona|Getafe|2|9|23|4|4|3|1|1|0|72|75|70|68|74|74|74|74
19|20/01/2007|Atlético de Madrid|Osasuna|0|32|26|11|15|4|6|0|0|79|82|76|77|78|80|76|73
19|20/01/2007|Villarreal|Sevilla|1|25|37|7|9|3|3|0|0|77|80|76|73|79|81|76|77
19|21/01/2007|Barcelona|Gimnàstic de Tarragona|0|36|9|7|4|7|1|0|1|85|83|83|82|72|75|70|68
19|21/01/2007|Betis|Racing de Santander|1|17|24|8|10|4|4|0|0|76|76|74|73|72|72|71|68
19|21/01/2007|Deportivo de La Coruña|Espanyol|1|21|25|5|12|4|7|0|0|75|72|75|75|76|78|74|72
19|21/01/2007|Getafe|Celta de Vigo|0|26|21|6|4|2|2|0|0|74|74|74|74|74|76|73|73
19|21/01/2007|Levante|Athletic Club|1|18|18|5|10|5|6|1|0|74|73|74|73|76|75|74|73
19|21/01/2007|Mallorca|Real Madrid|2|20|35|4|9|1|3|0|0|72|71|71|71|84|85|81|81
19|21/01/2007|Real Sociedad|Valencia|2|13|33|8|15|7|6|0|0|72|72|72|70|81|83|80|78
19|21/01/2007|Real Zaragoza|Recreativo de Huelva|1|30|29|7|10|3|6|0|1|76|78|77|72|72|70|71|68
20|27/01/2007|Atlético de Madrid|Racing de Santander|1|35|25|11|10|7|4|0|0|79|82|76|77|72|72|71|68
20|27/01/2007|Villarreal|Real Madrid|0|26|38|5|9|1|6|0|0|77|80|76|73|84|85|81|81
20|28/01/2007|Barcelona|Celta de Vigo|0|39|21|9|3|7|1|0|0|85|83|83|82|74|76|73|73
20|28/01/2007|Betis|Valencia|0|18|36|9|18|5|9|0|0|76|76|74|73|81|83|80|78
20|28/01/2007|Getafe|Osasuna|0|29|26|8|12|4|3|0|0|74|74|74|74|78|80|76|73
20|28/01/2007|Levante|Sevilla|2|19|38|5|10|5|4|1|0|74|73|74|73|79|81|76|77
20|28/01/2007|Mallorca|Recreativo de Huelva|0|20|30|3|8|0|7|0|1|72|71|71|71|72|70|71|68
20|28/01/2007|Real Sociedad|Athletic Club|2|13|19|7|11|6|7|0|0|72|72|72|70|76|75|74|73
20|28/01/2007|Gimnàstic de Tarragona|Espanyol|0|9|26|4|10|3|7|1|0|72|75|70|68|76|78|74|72
20|28/01/2007|Real Zaragoza|Deportivo de La Coruña|1|31|22|8|5|4|1|0|0|76|78|77|72|75|72|75|75
21|03/02/2007|Deportivo de La Coruña|Mallorca|0|23|23|6|6|4|3|0|0|75|72|75|75|72|71|71|71
21|03/02/2007|Espanyol|Real Zaragoza|2|26|32|7|6|3|4|0|0|76|78|74|72|76|78|77|72
21|03/02/2007|Valencia|Atlético de Madrid|0|36|36|15|12|9|7|0|0|81|83|80|78|79|82|76|77
21|04/02/2007|Athletic Club|Betis|2|22|21|11|11|4|4|0|0|76|75|74|73|76|76|74|73
21|04/02/2007|Celta de Vigo|Gimnàstic de Tarragona|1|21|12|2|4|2|1|0|1|74|76|73|73|72|75|70|68
21|04/02/2007|Recreativo de Huelva|Villarreal|0|30|29|8|7|4|4|1|0|72|70|71|68|77|80|76|73
21|04/02/2007|Osasuna|Barcelona|1|26|42|9|9|9|2|0|0|78|80|76|73|85|83|83|82
21|04/02/2007|Racing de Santander|Getafe|0|26|32|11|10|6|4|0|0|72|72|71|68|74|74|74|74
21|04/02/2007|Real Madrid|Levante|2|38|19|9|5|6|0|0|1|84|85|81|81|74|73|74|73
21|04/02/2007|Sevilla|Real Sociedad|1|41|13|10|7|6|1|0|0|79|81|76|77|72|72|72|70
22|10/02/2007|Betis|Sevilla|1|24|42|13|8|7|4|0|0|76|76|74|73|79|81|76|77
22|10/02/2007|Real Sociedad|Real Madrid|2|14|38|5|6|3|3|0|0|72|72|72|70|84|85|81|81
22|11/02/2007|Atlético de Madrid|Athletic Club|0|36|22|9|8|5|7|0|0|79|82|76|77|76|75|74|73
22|11/02/2007|Barcelona|Racing de Santander|0|43|29|9|11|7|2|0|0|85|83|83|82|72|72|71|68
22|11/02/2007|Celta de Vigo|Espanyol|2|22|26|2|7|2|4|0|0|74|76|73|73|76|78|74|72
22|11/02/2007|Getafe|Valencia|0|32|39|10|15|7|6|0|0|74|74|74|74|81|83|80|78
22|11/02/2007|Levante|Recreativo de Huelva|0|22|33|7|11|4|4|1|1|74|73|74|73|72|70|71|68
22|11/02/2007|Mallorca|Real Zaragoza|0|23|35|6|9|3|4|0|0|72|71|71|71|76|78|77|72
22|11/02/2007|Gimnàstic de Tarragona|Osasuna|2|13|27|5|7|3|0|1|0|72|75|70|68|78|80|76|73
22|11/02/2007|Villarreal|Deportivo de La Coruña|2|29|26|7|9|4|2|0|0|77|80|76|73|75|72|75|75
23|17/02/2007|Real Madrid|Betis|1|41|25|9|11|3|6|0|0|84|85|81|81|76|76|74|73
23|17/02/2007|Real Zaragoza|Villarreal|0|35|29|8|7|5|3|0|0|76|78|77|72|77|80|76|73
23|18/02/2007|Athletic Club|Getafe|0|22|35|7|13|1|3|0|0|76|75|74|73|74|74|74|74
23|18/02/2007|Deportivo de La Coruña|Levante|1|29|25|12|10|7|3|0|1|75|72|75|75|74|73|74|73
23|18/02/2007|Espanyol|Mallorca|0|29|26|7|9|3|3|0|0|76|78|74|72|72|71|71|71
23|18/02/2007|Recreativo de Huelva|Real Sociedad|0|33|14|8|4|4|2|1|0|72|70|71|68|72|72|72|70
23|18/02/2007|Osasuna|Celta de Vigo|2|30|22|7|1|7|0|0|0|78|80|76|73|74|76|73|73
23|18/02/2007|Racing de Santander|Gimnàstic de Tarragona|0|29|13|8|5|9|2|0|1|72|72|71|68|72|75|70|68
23|18/02/2007|Sevilla|Atlético de Madrid|0|43|39|6|11|4|4|0|0|79|81|76|77|79|82|76|77
23|18/02/2007|Valencia|Barcelona|0|39|46|12|11|9|2|0|0|81|83|80|78|85|83|83|82
24|24/02/2007|Atlético de Madrid|Real Madrid|1|39|42|10|10|7|6|0|0|79|82|76|77|84|85|81|81
24|24/02/2007|Real Sociedad|Deportivo de La Coruña|2|14|30|1|10|0|5|0|0|72|72|72|70|75|72|75|75
24|25/02/2007|Barcelona|Athletic Club|0|46|25|10|7|9|4|0|0|85|83|83|82|76|75|74|73
24|25/02/2007|Betis|Recreativo de Huelva|1|26|36|9|8|5|1|0|1|76|76|74|73|72|70|71|68
24|25/02/2007|Celta de Vigo|Racing de Santander|1|25|32|4|11|1|2|0|0|74|76|73|73|72|72|71|68
24|25/02/2007|Getafe|Sevilla|1|35|46|12|9|9|5|0|0|74|74|74|74|79|81|76|77
24|25/02/2007|Levante|Real Zaragoza|1|26|38|8|8|4|3|1|0|74|73|74|73|76|78|77|72
24|25/02/2007|Osasuna|Espanyol|2|30|32|7|10|4|4|0|0|78|80|76|73|76|78|74|72
24|25/02/2007|Gimnàstic de Tarragona|Valencia|1|13|42|4|12|3|3|1|0|72|75|70|68|81|83|80|78
24|25/02/2007|Villarreal|Mallorca|0|29|26|7|9|4|3|0|0|77|80|76|73|72|71|71|71
25|03/03/2007|Sevilla|Barcelona|0|47|49|10|13|4|1|0|0|79|81|76|77|85|83|83|82
25|03/03/2007|Valencia|Celta de Vigo|0|43|26|10|5|9|3|0|0|81|83|80|78|74|76|73|73
25|04/03/2007|Athletic Club|Gimnàstic de Tarragona|2|25|14|7|5|3|1|0|1|76|75|74|73|72|75|70|68
25|04/03/2007|Deportivo de La Coruña|Betis|2|33|27|12|10|5|4|0|0|75|72|75|75|76|76|74|73
25|04/03/2007|Espanyol|Villarreal|1|35|32|10|7|6|3|0|0|76|78|74|72|77|80|76|73
25|04/03/2007|Recreativo de Huelva|Atlético de Madrid|0|37|40|8|8|7|3|1|0|72|70|71|68|79|82|76|77
25|04/03/2007|Mallorca|Levante|0|26|27|6|9|6|4|0|1|72|71|71|71|74|73|74|73
25|04/03/2007|Racing de Santander|Osasuna|0|33|30|9|4|9|3|0|0|72|72|71|68|78|80|76|73
25|04/03/2007|Real Madrid|Getafe|1|43|36|8|10|4|3|0|0|84|85|81|81|74|74|74|74
25|04/03/2007|Real Zaragoza|Real Sociedad|0|39|14|9|1|5|1|0|0|76|78|77|72|72|72|72|70
26|10/03/2007|Barcelona|Real Madrid|1|49|44|10|6|9|4|0|0|85|83|83|82|84|85|81|81
26|10/03/2007|Levante|Villarreal|2|27|33|8|7|4|1|1|0|74|73|74|73|77|80|76|73
26|11/03/2007|Atlético de Madrid|Deportivo de La Coruña|0|40|33|5|11|5|7|0|0|79|82|76|77|75|72|75|75
26|11/03/2007|Betis|Real Zaragoza|1|30|42|12|11|5|4|0|0|76|76|74|73|76|78|77|72
26|11/03/2007|Celta de Vigo|Athletic Club|1|26|25|5|6|2|3|0|0|74|76|73|73|76|75|74|73
26|11/03/2007|Getafe|Recreativo de Huelva|1|37|40|8|10|7|1|0|1|74|74|74|74|72|70|71|68
26|11/03/2007|Osasuna|Valencia|1|30|46|4|10|1|1|0|0|78|80|76|73|81|83|80|78
26|11/03/2007|Racing de Santander|Espanyol|1|36|36|11|10|9|6|0|0|72|72|71|68|76|78|74|72
26|11/03/2007|Real Sociedad|Mallorca|0|14|29|1|9|0|0|0|0|72|72|72|70|72|71|71|71
26|11/03/2007|Gimnàstic de Tarragona|Sevilla|0|17|50|8|12|4|5|1|0|72|75|70|68|79|81|76|77
27|17/03/2007|Athletic Club|Osasuna|2|26|31|4|5|3|3|0|0|76|75|74|73|78|80|76|73
27|17/03/2007|Recreativo de Huelva|Barcelona|2|41|50|11|8|9|1|1|0|72|70|71|68|85|83|83|82
27|17/03/2007|Mallorca|Betis|0|29|31|6|10|9|7|0|0|72|71|71|71|76|76|74|73
27|17/03/2007|Valencia|Racing de Santander|2|47|37|11|11|9|2|0|0|81|83|80|78|72|72|71|68
27|18/03/2007|Deportivo de La Coruña|Getafe|0|33|38|10|6|4|1|0|0|75|72|75|75|74|74|74|74
27|18/03/2007|Espanyol|Levante|1|37|27|11|8|4|4|0|1|76|78|74|72|74|73|74|73
27|18/03/2007|Real Madrid|Gimnàstic de Tarragona|0|45|20|7|8|2|4|0|1|84|85|81|81|72|75|70|68
27|18/03/2007|Sevilla|Celta de Vigo|0|50|27|9|6|7|3|0|0|79|81|76|77|74|76|73|73
27|18/03/2007|Villarreal|Real Sociedad|1|36|17|7|4|6|1|0|0|77|80|76|73|72|72|72|70
27|18/03/2007|Real Zaragoza|Atlético de Madrid|0|43|43|11|7|7|0|0|0|76|78|77|72|79|82|76|77
28|31/03/2007|Barcelona|Deportivo de La Coruña|0|53|36|10|10|7|6|0|0|85|83|83|82|75|72|75|75
28|31/03/2007|Betis|Villarreal|1|31|37|7|8|3|4|0|0|76|76|74|73|77|80|76|73
28|31/03/2007|Real Sociedad|Levante|0|18|28|4|6|3|2|0|1|72|72|72|70|74|73|74|73
28|31/03/2007|Valencia|Espanyol|0|47|38|8|12|6|7|0|0|81|83|80|78|76|78|74|72
28|01/04/2007|Atlético de Madrid|Mallorca|1|43|32|7|9|7|0|0|0|79|82|76|77|72|71|71|71
28|01/04/2007|Celta de Vigo|Real Madrid|2|27|48|5|10|2|5|0|0|74|76|73|73|84|85|81|81
28|01/04/2007|Getafe|Real Zaragoza|1|38|46|6|11|5|2|0|0|74|74|74|74|76|78|77|72
28|01/04/2007|Osasuna|Sevilla|1|34|53|7|11|1|2|0|0|78|80|76|73|79|81|76|77
28|01/04/2007|Racing de Santander|Athletic Club|0|40|26|11|4|7|1|0|0|72|72|71|68|76|75|74|73
28|01/04/2007|Gimnàstic de Tarragona|Recreativo de Huelva|1|20|41|7|8|4|2|1|1|72|75|70|68|72|70|71|68
29|07/04/2007|Athletic Club|Valencia|0|26|50|4|11|3|2|0|0|76|75|74|73|81|83|80|78
29|07/04/2007|Real Zaragoza|Barcelona|0|47|56|12|10|9|3|0|0|76|78|77|72|85|83|83|82
29|08/04/2007|Deportivo de La Coruña|Gimnàstic de Tarragona|0|36|21|7|8|4|3|0|1|75|72|75|75|72|75|70|68
29|08/04/2007|Espanyol|Real Sociedad|0|38|21|9|7|5|1|0|0|76|78|74|72|72|72|72|70
29|08/04/2007|Recreativo de Huelva|Celta de Vigo|0|42|27|9|5|6|3|1|0|72|70|71|68|74|76|73|73
29|08/04/2007|Levante|Betis|1|28|32|3|7|4|4|1|0|74|73|74|73|76|76|74|73
29|08/04/2007|Mallorca|Getafe|0|33|39|7|4|9|1|0|0|72|71|71|71|74|74|74|74
29|08/04/2007|Real Madrid|Osasuna|0|51|35|10|5|5|6|0|0|84|85|81|81|78|80|76|73
29|08/04/2007|Sevilla|Racing de Santander|1|54|43|11|14|9|4|0|0|79|81|76|77|72|72|71|68
29|08/04/2007|Villarreal|Atlético de Madrid|2|38|44|9|5|4|0|0|0|77|80|76|73|79|82|76|77
30|14/04/2007|Betis|Real Sociedad|2|33|21|7|7|3|1|0|0|76|76|74|73|72|72|72|70
30|14/04/2007|Racing de Santander|Real Madrid|0|44|54|12|12|7|5|0|0|72|72|71|68|84|85|81|81
30|15/04/2007|Athletic Club|Espanyol|0|29|41|4|9|3|4|0|0|76|75|74|73|76|78|74|72
30|15/04/2007|Atlético de Madrid|Levante|0|47|29|8|3|5|1|0|1|79|82|76|77|74|73|74|73
30|15/04/2007|Barcelona|Mallorca|0|56|36|10|10|7|1|0|0|85|83|83|82|72|71|71|71
30|15/04/2007|Celta de Vigo|Deportivo de La Coruña|0|27|39|2|9|2|3|0|0|74|76|73|73|75|72|75|75
30|15/04/2007|Getafe|Villarreal|0|39|38|4|9|3|5|0|0|74|74|74|74|77|80|76|73
30|15/04/2007|Osasuna|Recreativo de Huelva|1|35|45|5|9|2|3|0|1|78|80|76|73|72|70|71|68
30|15/04/2007|Gimnàstic de Tarragona|Real Zaragoza|0|21|50|8|12|5|3|1|0|72|75|70|68|76|78|77|72
30|15/04/2007|Valencia|Sevilla|0|50|55|8|9|6|2|0|0|81|83|80|78|79|81|76|77
31|21/04/2007|Real Sociedad|Atlético de Madrid|0|24|50|10|10|6|3|0|0|72|72|72|70|79|82|76|77
31|21/04/2007|Real Madrid|Valencia|0|54|53|11|10|7|2|0|0|84|85|81|81|81|83|80|78
31|22/04/2007|Deportivo de La Coruña|Osasuna|0|39|36|6|6|6|3|0|0|75|72|75|75|78|80|76|73
31|22/04/2007|Espanyol|Betis|1|41|33|6|6|5|4|0|0|76|78|74|72|76|76|74|73
31|22/04/2007|Recreativo de Huelva|Racing de Santander|0|46|47|9|14|6|5|1|0|72|70|71|68|72|72|71|68
31|22/04/2007|Levante|Getafe|1|29|42|2|6|2|1|1|0|74|73|74|73|74|74|74|74
31|22/04/2007|Mallorca|Gimnàstic de Tarragona|0|36|24|10|10|9|3|0|1|72|71|71|71|72|75|70|68
31|22/04/2007|Sevilla|Athletic Club|0|55|32|8|7|7|1|0|0|79|81|76|77|76|75|74|73
31|22/04/2007|Villarreal|Barcelona|0|38|59|6|10|4|3|0|0|77|80|76|73|85|83|83|82
31|22/04/2007|Real Zaragoza|Celta de Vigo|0|50|30|11|4|9|0|0|0|76|78|77|72|74|76|73|73
32|28/04/2007|Atlético de Madrid|Betis|1|50|34|10|4|7|2|0|0|79|82|76|77|76|76|74|73
32|28/04/2007|Valencia|Recreativo de Huelva|0|53|49|7|9|6|3|0|1|81|83|80|78|72|70|71|68
32|29/04/2007|Athletic Club|Real Madrid|2|32|57|7|13|6|4|0|0|76|75|74|73|84|85|81|81
32|29/04/2007|Barcelona|Levante|0|59|30|10|3|7|1|0|1|85|83|83|82|74|73|74|73
32|29/04/2007|Celta de Vigo|Mallorca|2|30|39|4|10|4|1|0|0|74|76|73|73|72|71|71|71
32|29/04/2007|Getafe|Real Sociedad|0|43|27|6|13|5|4|0|0|74|74|74|74|72|72|72|70
32|29/04/2007|Osasuna|Real Zaragoza|1|36|53|6|11|3|2|0|0|78|80|76|73|76|78|77|72
32|29/04/2007|Racing de Santander|Deportivo de La Coruña|1|47|42|11|9|7|0|0|0|72|72|71|68|75|72|75|75
32|29/04/2007|Sevilla|Espanyol|0|58|42|8|6|7|1|0|0|79|81|76|77|76|78|74|72
32|29/04/2007|Gimnàstic de Tarragona|Villarreal|2|24|41|7|8|7|4|1|0|72|75|70|68|77|80|76|73
33|05/05/2007|Deportivo de La Coruña|Valencia|2|43|56|10|9|9|1|0|0|75|72|75|75|81|83|80|78
33|05/05/2007|Real Sociedad|Barcelona|2|27|62|10|12|9|3|0|0|72|72|72|70|85|83|83|82
33|06/05/2007|Betis|Getafe|2|35|46|4|8|2|1|0|0|76|76|74|73|74|74|74|74
33|06/05/2007|Espanyol|Atlético de Madrid|0|42|51|5|8|5|3|0|0|76|78|74|72|79|82|76|77
33|06/05/2007|Recreativo de Huelva|Athletic Club|1|49|32|8|6|6|1|1|0|72|70|71|68|76|75|74|73
33|06/05/2007|Levante|Gimnàstic de Tarragona|0|30|24|3|4|2|0|1|1|74|73|74|73|72|75|70|68
33|06/05/2007|Mallorca|Osasuna|0|42|37|13|6|9|3|0|0|72|71|71|71|78|80|76|73
33|06/05/2007|Real Madrid|Sevilla|0|60|61|15|11|9|1|0|0|84|85|81|81|79|81|76|77
33|06/05/2007|Villarreal|Celta de Vigo|0|44|30|8|3|4|0|0|0|77|80|76|73|74|76|73|73
33|06/05/2007|Real Zaragoza|Racing de Santander|1|54|48|11|11|9|4|0|0|76|78|77|72|72|72|71|68
34|12/05/2007|Real Madrid|Espanyol|0|63|45|15|7|9|0|0|0|84|85|81|81|76|78|74|72
34|12/05/2007|Sevilla|Recreativo de Huelva|0|61|50|8|9|7|2|0|1|79|81|76|77|72|70|71|68
34|13/05/2007|Athletic Club|Deportivo de La Coruña|1|33|43|7|7|6|1|0|0|76|75|74|73|75|72|75|75
34|13/05/2007|Barcelona|Betis|1|65|35|12|4|9|3|0|0|85|83|83|82|76|76|74|73
34|13/05/2007|Celta de Vigo|Levante|2|30|33|3|5|3|0|0|1|74|76|73|73|74|73|74|73
34|13/05/2007|Getafe|Atlético de Madrid|2|49|51|11|8|7|3|0|0|74|74|74|74|79|82|76|77
34|13/05/2007|Osasuna|Villarreal|2|37|47|3|10|3|4|0|0|78|80|76|73|77|80|76|73
34|13/05/2007|Racing de Santander|Mallorca|2|49|45|9|13|7|4|0|0|72|72|71|68|72|71|71|71
34|13/05/2007|Gimnàstic de Tarragona|Real Sociedad|2|24|27|4|9|4|3|1|0|72|75|70|68|72|72|72|70
34|13/05/2007|Valencia|Real Zaragoza|0|59|55|12|9|9|2|0|0|81|83|80|78|76|78|77|72
35|19/05/2007|Betis|Gimnàstic de Tarragona|1|36|24|4|3|1|0|0|1|76|76|74|73|72|75|70|68
35|19/05/2007|Mallorca|Valencia|2|48|62|15|12|9|3|0|0|72|71|71|71|81|83|80|78
35|19/05/2007|Real Zaragoza|Athletic Club|0|55|34|8|8|7|1|0|0|76|78|77|72|76|75|74|73
35|20/05/2007|Atlético de Madrid|Barcelona|2|54|66|10|10|5|3|0|0|79|82|76|77|85|83|83|82
35|20/05/2007|Deportivo de La Coruña|Sevilla|2|44|64|8|10|6|1|0|0|75|72|75|75|79|81|76|77
35|20/05/2007|Espanyol|Getafe|2|45|49|7|10|7|4|0|0|76|78|74|72|74|74|74|74
35|20/05/2007|Recreativo de Huelva|Real Madrid|2|50|66|8|15|7|6|1|0|72|70|71|68|84|85|81|81
35|20/05/2007|Levante|Osasuna|2|36|37|8|2|5|0|1|0|74|73|74|73|78|80|76|73
35|20/05/2007|Real Sociedad|Celta de Vigo|0|30|30|9|3|6|0|0|0|72|72|72|70|74|76|73|73
35|20/05/2007|Villarreal|Racing de Santander|0|50|49|12|6|6|2|0|0|77|80|76|73|72|72|71|68
36|26/05/2007|Barcelona|Getafe|0|69|52|13|13|7|7|0|0|85|83|83|82|74|74|74|74
36|26/05/2007|Real Madrid|Deportivo de La Coruña|0|69|44|15|5|9|2|0|0|84|85|81|81|75|72|75|75
36|26/05/2007|Valencia|Villarreal|2|65|53|15|15|9|6|0|0|81|83|80|78|77|80|76|73
36|27/05/2007|Athletic Club|Mallorca|0|34|48|5|12|4|6|0|0|76|75|74|73|72|71|71|71
36|27/05/2007|Celta de Vigo|Betis|0|30|37|3|4|3|3|0|0|74|76|73|73|76|76|74|73
36|27/05/2007|Recreativo de Huelva|Espanyol|2|50|45|5|4|4|0|1|0|72|70|71|68|76|78|74|72
36|27/05/2007|Osasuna|Real Sociedad|0|40|33|5|12|2|6|0|0|78|80|76|73|72|72|72|70
36|27/05/2007|Racing de Santander|Levante|2|49|36|5|7|4|3|0|1|72|72|71|68|74|73|74|73
36|27/05/2007|Sevilla|Real Zaragoza|0|67|58|12|8|9|1|0|0|79|81|76|77|76|78|77|72
36|27/05/2007|Gimnàstic de Tarragona|Atlético de Madrid|2|25|54|4|7|3|3|1|0|72|75|70|68|79|82|76|77
37|09/06/2007|Atlético de Madrid|Celta de Vigo|2|57|33|7|3|4|0|0|0|79|82|76|77|74|76|73|73
37|09/06/2007|Barcelona|Espanyol|1|72|48|13|7|7|3|0|0|85|83|83|82|76|78|74|72
37|09/06/2007|Betis|Osasuna|2|37|43|4|7|1|3|0|0|76|76|74|73|78|80|76|73
37|09/06/2007|Levante|Valencia|0|39|65|10|12|4|6|1|0|74|73|74|73|81|83|80|78
37|09/06/2007|Mallorca|Sevilla|1|48|70|12|15|6|3|0|0|72|71|71|71|79|81|76|77
37|09/06/2007|Real Sociedad|Racing de Santander|1|33|49|9|2|6|1|0|0|72|72|72|70|72|72|71|68
37|09/06/2007|Villarreal|Athletic Club|0|56|37|18|5|9|1|0|0|77|80|76|73|76|75|74|73
37|09/06/2007|Real Zaragoza|Real Madrid|1|58|72|8|18|7|6|0|0|76|78|77|72|84|85|81|81
37|10/06/2007|Deportivo de La Coruña|Recreativo de Huelva|2|44|50|5|4|3|1|0|1|75|72|75|75|72|70|71|68
37|10/06/2007|Getafe|Gimnàstic de Tarragona|2|52|25|10|1|6|1|0|1|74|74|74|74|72|75|70|68
38|17/06/2007|Athletic Club|Levante|0|37|42|5|12|4|6|0|1|76|75|74|73|74|73|74|73
38|17/06/2007|Celta de Vigo|Getafe|0|36|52|6|9|3|6|0|0|74|76|73|73|74|74|74|74
38|17/06/2007|Espanyol|Deportivo de La Coruña|2|49|44|7|2|4|2|0|0|76|78|74|72|75|72|75|75
38|17/06/2007|Recreativo de Huelva|Real Zaragoza|1|53|59|4|6|1|1|1|0|72|70|71|68|76|78|77|72
38|17/06/2007|Osasuna|Atlético de Madrid|2|46|57|10|7|4|6|0|0|78|80|76|73|79|82|76|77
38|17/06/2007|Racing de Santander|Betis|2|50|37|3|3|1|2|0|0|72|72|71|68|76|76|74|73
38|17/06/2007|Real Madrid|Mallorca|0|73|49|16|10|9|6|0|0|84|85|81|81|72|71|71|71
38|17/06/2007|Sevilla|Villarreal|2|71|59|13|18|9|9|0|0|79|81|76|77|77|80|76|73
38|17/06/2007|Gimnàstic de Tarragona|Barcelona|2|28|73|4|14|0|6|1|0|72|75|70|68|85|83|83|82
38|17/06/2007|Valencia|Real Sociedad|1|65|34|12|7|6|3|0|0|81|83|80|78|72|72|72|70
