1|25/08/2007|Murcia|Real Zaragoza|0|0|0|0|0|0|0|1|0|71|73|70|71|77|80|75|75
1|25/08/2007|Real Madrid|Atlético de Madrid|0|0|0|0|0|0|0|0|0|82|81|79|79|79|81|78|77
1|25/08/2007|Sevilla|Getafe|0|0|0|0|0|0|0|0|0|80|83|75|79|76|76|74|77
1|26/08/2007|Athletic Club|Osasuna|1|0|0|0|0|0|0|0|0|72|72|71|70|75|72|75|68
1|26/08/2007|Deportivo de La Coruña|Almería|2|0|0|0|0|0|0|0|1|75|75|73|74|70|71|70|65
1|26/08/2007|Espanyol|Valladolid|2|0|0|0|0|0|0|0|1|76|76|74|72|72|76|72|72
1|26/08/2007|Recreativo de Huelva|Betis|1|0|0|0|0|0|0|0|0|73|68|74|71|75|80|72|71
1|26/08/2007|Mallorca|Levante|0|0|0|0|0|0|0|0|0|74|74|73|74|74|76|75|70
1|26/08/2007|Racing de Santander|Barcelona|1|0|0|0|0|0|0|0|0|74|76|73|69|84|83|83|84
1|26/08/2007|Valencia|Villarreal|2|0|0|0|0|0|0|0|0|81|79|80|80|77|79|78|75
2|01/09/2007|Levante|Murcia|1|0|3|0|3|0|0|0|1|74|76|75|70|71|73|70|71
2|01/09/2007|Real Zaragoza|Racing de Santander|1|0|1|0|1|0|0|0|0|77|80|75|75|74|76|73|69
2|02/09/2007|Atlético de Madrid|Mallorca|1|0|3|0|3|0|0|0|0|79|81|78|77|74|74|73|74
2|02/09/2007|Barcelona|Athletic Club|0|1|1|1|1|0|0|0|0|84|83|83|84|72|72|71|70
2|02/09/2007|Betis|Espanyol|1|1|0|1|0|0|0|0|0|75|80|72|71|76|76|74|72
2|02/09/2007|Getafe|Recreativo de Huelva|1|0|1|0|1|0|0|0|0|76|76|74|77|73|68|74|71
2|02/09/2007|Almería|Valencia|2|3|0|3|0|0|0|1|0|70|71|70|65|81|79|80|80
2|02/09/2007|Valladolid|Deportivo de La Coruña|1|3|0|3|0|0|0|1|0|72|76|72|72|75|75|73|74
2|02/09/2007|Villarreal|Real Madrid|2|3|3|3|3|0|0|0|0|77|79|78|75|82|81|79|79
2|05/12/2007|Osasuna|Sevilla|1|1|3|1|3|0|0|0|0|75|72|75|68|80|83|75|79
3|15/09/2007|Athletic Club|Real Zaragoza|1|1|1|1|1|1|0|0|0|72|72|71|70|77|80|75|75
3|15/09/2007|Real Madrid|Almería|0|6|3|6|3|3|3|0|1|82|81|79|79|70|71|70|65
3|15/09/2007|Valencia|Valladolid|0|3|4|3|4|0|3|0|1|81|79|80|80|72|76|72|72
3|16/09/2007|Deportivo de La Coruña|Betis|0|1|2|1|2|0|1|0|0|75|75|73|74|75|80|72|71
3|16/09/2007|Espanyol|Getafe|0|1|1|1|1|0|0|0|0|76|76|74|72|76|76|74|77
3|16/09/2007|Mallorca|Villarreal|2|4|3|4|3|3|3|0|0|74|74|73|74|77|79|78|75
3|16/09/2007|Murcia|Atlético de Madrid|1|4|1|4|1|3|0|1|0|71|73|70|71|79|81|78|77
3|16/09/2007|Osasuna|Barcelona|1|2|4|2|4|1|1|0|0|75|72|75|68|84|83|83|84
3|16/09/2007|Racing de Santander|Levante|0|2|1|2|1|1|0|0|0|74|76|73|69|74|76|75|70
3|16/09/2007|Sevilla|Recreativo de Huelva|0|4|2|4|2|3|1|0|0|80|83|75|79|73|68|74|71
4|22/09/2007|Barcelona|Sevilla|0|5|7|5|7|3|1|0|0|84|83|83|84|80|83|75|79
4|22/09/2007|Recreativo de Huelva|Espanyol|0|2|4|2|4|1|1|0|0|73|68|74|71|76|76|74|72
4|23/09/2007|Atlético de Madrid|Racing de Santander|0|2|5|2|5|1|1|0|0|79|81|78|77|74|76|73|69
4|23/09/2007|Betis|Valencia|2|2|6|2|6|1|3|0|0|75|80|72|71|81|79|80|80
4|23/09/2007|Getafe|Deportivo de La Coruña|1|1|4|1|4|1|1|0|0|76|76|74|77|75|75|73|74
4|23/09/2007|Levante|Athletic Club|2|1|2|1|2|1|0|0|0|74|76|75|70|72|72|71|70
4|23/09/2007|Almería|Mallorca|1|3|4|3|4|0|1|1|0|70|71|70|65|74|74|73|74
4|23/09/2007|Valladolid|Real Madrid|1|4|9|4|9|1|3|1|0|72|76|72|72|82|81|79|79
4|23/09/2007|Villarreal|Murcia|0|6|5|6|5|0|1|0|1|77|79|78|75|71|73|70|71
4|23/09/2007|Real Zaragoza|Osasuna|0|2|3|2|3|1|1|0|0|77|80|75|75|75|72|75|68
5|25/09/2007|Sevilla|Espanyol|2|7|4|7|4|6|1|0|0|80|83|75|79|76|76|74|72
5|26/09/2007|Athletic Club|Atlético de Madrid|2|5|5|5|5|2|1|0|0|72|72|71|70|79|81|78|77
5|26/09/2007|Barcelona|Real Zaragoza|0|8|5|8|5|6|1|0|0|84|83|83|84|77|80|75|75
5|26/09/2007|Deportivo de La Coruña|Recreativo de Huelva|2|5|5|5|5|3|1|0|0|75|75|73|74|73|68|74|71
5|26/09/2007|Mallorca|Valladolid|0|5|5|5|5|3|3|0|1|74|74|73|74|72|76|72|72
5|26/09/2007|Murcia|Almería|2|5|4|5|4|4|3|1|1|71|73|70|71|70|71|70|65
5|26/09/2007|Osasuna|Levante|0|3|1|3|1|2|0|0|0|75|72|75|68|74|76|75|70
5|26/09/2007|Racing de Santander|Villarreal|2|5|9|5|9|4|6|0|0|74|76|73|69|77|79|78|75
5|26/09/2007|Valencia|Getafe|0|9|2|9|2|3|0|0|0|81|79|80|80|76|76|74|77
5|27/09/2007|Real Madrid|Betis|0|10|2|10|2|6|1|0|0|82|81|79|79|75|80|72|71
6|29/09/2007|Levante|Barcelona|2|1|11|1|11|1|2|0|0|74|76|75|70|84|83|83|84
6|29/09/2007|Real Zaragoza|Sevilla|0|5|7|5|7|4|1|0|0|77|80|75|75|80|83|75|79
6|30/09/2007|Atlético de Madrid|Osasuna|0|8|6|8|6|4|1|0|0|79|81|78|77|75|72|75|68
6|30/09/2007|Betis|Mallorca|0|2|8|2|8|1|2|0|0|75|80|72|71|74|74|73|74
6|30/09/2007|Espanyol|Deportivo de La Coruña|0|7|5|7|5|3|2|0|0|76|76|74|72|75|75|73|74
6|30/09/2007|Getafe|Real Madrid|2|2|13|2|13|2|4|0|0|76|76|74|77|82|81|79|79
6|30/09/2007|Recreativo de Huelva|Valencia|2|8|12|8|12|4|6|0|0|73|68|74|71|81|79|80|80
6|30/09/2007|Almería|Racing de Santander|2|7|5|7|5|1|1|1|0|70|71|70|65|74|76|73|69
6|30/09/2007|Valladolid|Murcia|2|5|5|5|5|2|1|1|1|72|76|72|72|71|73|70|71
6|30/09/2007|Villarreal|Athletic Club|0|12|5|12|5|3|3|0|0|77|79|78|75|72|72|71|70
7|06/10/2007|Valencia|Espanyol|2|15|10|15|10|6|4|0|0|81|79|80|80|76|76|74|72
7|07/10/2007|Athletic Club|Almería|1|5|7|5|7|2|6|0|1|72|72|71|70|70|71|70|65
7|07/10/2007|Barcelona|Atlético de Madrid|0|14|11|14|11|9|4|0|0|84|83|83|84|79|81|78|77
7|07/10/2007|Mallorca|Getafe|0|8|2|8|2|6|0|0|0|74|74|73|74|76|76|74|77
7|07/10/2007|Murcia|Betis|1|8|5|8|5|4|1|1|0|71|73|70|71|75|80|72|71
7|07/10/2007|Osasuna|Villarreal|0|6|15|6|15|5|9|0|0|75|72|75|68|77|79|78|75
7|07/10/2007|Racing de Santander|Valladolid|0|8|5|8|5|4|3|0|1|74|76|73|69|72|76|72|72
7|07/10/2007|Real Madrid|Recreativo de Huelva|0|16|8|16|8|9|4|0|0|82|81|79|79|73|68|74|71
7|07/10/2007|Sevilla|Deportivo de La Coruña|2|7|5|7|5|6|2|0|0|80|83|75|79|75|75|73|74
7|07/10/2007|Real Zaragoza|Levante|0|8|1|8|1|7|0|0|0|77|80|75|75|74|76|75|70
8|20/10/2007|Deportivo de La Coruña|Valencia|2|8|15|8|15|3|9|0|0|75|75|73|74|81|79|80|80
8|20/10/2007|Espanyol|Real Madrid|0|13|19|13|16|6|7|0|0|76|76|74|72|82|81|79|79
8|20/10/2007|Levante|Sevilla|2|1|7|1|4|1|1|0|0|74|76|75|70|80|83|75|79
8|20/10/2007|Villarreal|Barcelona|0|15|17|12|16|6|5|0|0|77|79|78|75|84|83|83|84
8|21/10/2007|Atlético de Madrid|Real Zaragoza|0|11|11|11|11|7|1|0|0|79|81|78|77|77|80|75|75
8|21/10/2007|Betis|Racing de Santander|1|6|11|5|10|4|4|0|0|75|80|72|71|74|76|73|69
8|21/10/2007|Getafe|Murcia|0|2|9|2|6|2|4|0|1|76|76|74|77|71|73|70|71
8|21/10/2007|Recreativo de Huelva|Mallorca|2|8|11|7|8|4|2|0|0|73|68|74|71|74|74|73|74
8|21/10/2007|Almería|Osasuna|0|8|9|5|8|1|1|1|0|70|71|70|65|75|72|75|68
8|21/10/2007|Valladolid|Athletic Club|2|5|6|2|5|2|3|1|0|72|76|72|72|72|72|71|70
9|27/10/2007|Athletic Club|Betis|1|9|7|8|5|2|1|0|0|72|72|71|70|75|80|72|71
9|27/10/2007|Mallorca|Espanyol|1|14|16|10|15|6|6|0|0|74|74|73|74|76|76|74|72
9|28/10/2007|Barcelona|Almería|0|17|11|13|8|9|4|0|1|84|83|83|84|70|71|70|65
9|28/10/2007|Levante|Atlético de Madrid|2|1|14|0|13|0|4|0|0|74|76|75|70|79|81|78|77
9|28/10/2007|Murcia|Recreativo de Huelva|0|9|8|5|6|2|3|1|0|71|73|70|71|73|68|74|71
9|28/10/2007|Osasuna|Valladolid|1|9|5|7|1|7|0|0|1|75|72|75|68|72|76|72|72
9|28/10/2007|Racing de Santander|Getafe|0|12|5|10|4|6|0|0|0|74|76|73|69|76|76|74|77
9|28/10/2007|Real Madrid|Deportivo de La Coruña|0|19|8|13|7|9|4|0|0|82|81|79|79|75|75|73|74
9|28/10/2007|Sevilla|Valencia|0|10|18|6|15|3|9|0|0|80|83|75|79|81|79|80|80
9|28/10/2007|Real Zaragoza|Villarreal|0|11|18|10|15|9|6|0|0|77|80|75|75|77|79|78|75
10|31/10/2007|Atlético de Madrid|Sevilla|0|17|13|15|6|9|3|0|0|79|81|78|77|80|83|75|79
10|31/10/2007|Betis|Osasuna|2|8|10|6|7|4|0|0|0|75|80|72|71|75|72|75|68
10|31/10/2007|Deportivo de La Coruña|Mallorca|1|8|15|4|11|3|4|0|0|75|75|73|74|74|74|73|74
10|31/10/2007|Getafe|Athletic Club|0|5|10|4|8|4|6|0|0|76|76|74|77|72|72|71|70
10|31/10/2007|Recreativo de Huelva|Racing de Santander|1|8|15|6|10|3|4|0|0|73|68|74|71|74|76|73|69
10|31/10/2007|Almería|Real Zaragoza|2|11|14|8|12|4|1|1|0|70|71|70|65|77|80|75|75
10|31/10/2007|Valencia|Real Madrid|2|18|22|12|13|6|4|0|0|81|79|80|80|82|81|79|79
10|31/10/2007|Villarreal|Levante|0|18|1|12|0|9|0|0|0|77|79|78|75|74|76|75|70
10|01/11/2007|Espanyol|Murcia|1|17|12|13|7|9|3|0|1|76|76|74|72|71|73|70|71
10|01/11/2007|Valladolid|Barcelona|1|6|20|2|15|1|4|1|0|72|76|72|72|84|83|83|84
11|03/11/2007|Mallorca|Valencia|2|16|18|11|9|7|6|0|0|74|74|73|74|81|79|80|80
11|03/11/2007|Sevilla|Real Madrid|0|13|25|6|15|3|6|0|0|80|83|75|79|82|81|79|79
11|04/11/2007|Athletic Club|Recreativo de Huelva|0|10|9|5|4|2|3|0|0|72|72|71|70|73|68|74|71
11|04/11/2007|Atlético de Madrid|Villarreal|2|20|21|15|12|9|3|0|0|79|81|78|77|77|79|78|75
11|04/11/2007|Barcelona|Betis|0|21|8|13|6|9|2|0|0|84|83|83|84|75|80|72|71
11|04/11/2007|Levante|Almería|0|1|11|0|7|0|4|0|1|74|76|75|70|70|71|70|65
11|04/11/2007|Murcia|Deportivo de La Coruña|2|13|9|8|4|4|3|1|0|71|73|70|71|75|75|73|74
11|04/11/2007|Osasuna|Getafe|2|13|8|10|6|7|0|0|0|75|72|75|68|76|76|74|77
11|04/11/2007|Racing de Santander|Espanyol|1|16|18|11|14|6|7|0|0|74|76|73|69|76|76|74|72
11|04/11/2007|Real Zaragoza|Valladolid|2|17|7|12|2|9|1|0|1|77|80|75|75|72|76|72|72
12|10/11/2007|Getafe|Barcelona|0|11|24|9|13|6|4|0|0|76|76|74|77|84|83|83|84
12|10/11/2007|Valencia|Murcia|0|21|13|9|8|3|4|0|1|81|79|80|80|71|73|70|71
12|11/11/2007|Betis|Real Zaragoza|0|8|17|6|12|4|3|0|0|75|80|72|71|77|80|75|75
12|11/11/2007|Deportivo de La Coruña|Racing de Santander|2|12|17|7|12|1|5|0|0|75|75|73|74|74|76|73|69
12|11/11/2007|Espanyol|Athletic Club|0|19|13|12|8|7|3|0|0|76|76|74|72|72|72|71|70
12|11/11/2007|Recreativo de Huelva|Osasuna|0|9|13|1|7|1|3|0|0|73|68|74|71|75|72|75|68
12|11/11/2007|Real Madrid|Mallorca|0|25|16|12|8|9|4|0|0|82|81|79|79|74|74|73|74
12|11/11/2007|Almería|Atlético de Madrid|1|11|20|4|12|3|6|1|0|70|71|70|65|79|81|78|77
12|11/11/2007|Valladolid|Levante|0|10|4|5|3|1|0|1|0|72|76|72|72|74|76|75|70
12|11/11/2007|Villarreal|Sevilla|0|24|16|12|9|9|3|0|0|77|79|78|75|80|83|75|79
13|24/11/2007|Barcelona|Recreativo de Huelva|0|24|12|10|4|9|0|0|0|84|83|83|84|73|68|74|71
13|24/11/2007|Murcia|Real Madrid|1|13|28|5|12|4|3|1|0|71|73|70|71|82|81|79|79
13|24/11/2007|Sevilla|Mallorca|2|16|16|9|8|6|4|0|0|80|83|75|79|74|74|73|74
13|25/11/2007|Athletic Club|Deportivo de La Coruña|1|13|12|8|7|5|6|0|0|72|72|71|70|75|75|73|74
13|25/11/2007|Atlético de Madrid|Valladolid|0|21|13|10|8|6|4|0|1|79|81|78|77|72|76|72|72
13|25/11/2007|Levante|Betis|0|4|11|3|6|3|2|0|0|74|76|75|70|75|80|72|71
13|25/11/2007|Osasuna|Espanyol|2|13|22|7|12|4|5|0|0|75|72|75|68|76|76|74|72
13|25/11/2007|Racing de Santander|Valencia|0|20|24|12|9|7|6|0|0|74|76|73|69|81|79|80|80
13|25/11/2007|Villarreal|Almería|1|27|12|12|5|9|1|0|1|77|79|78|75|70|71|70|65
13|25/11/2007|Real Zaragoza|Getafe|1|17|14|9|12|6|3|0|0|77|80|75|75|76|76|74|77
14|01/12/2007|Espanyol|Barcelona|1|25|27|12|10|7|1|0|0|76|76|74|72|84|83|83|84
14|01/12/2007|Real Madrid|Racing de Santander|0|29|23|10|12|9|5|0|0|82|81|79|79|74|76|73|69
14|01/12/2007|Almería|Sevilla|0|13|16|5|9|4|3|1|0|70|71|70|65|80|83|75|79
14|02/12/2007|Betis|Atlético de Madrid|2|11|24|5|13|4|4|0|0|75|80|72|71|79|81|78|77
14|02/12/2007|Deportivo de La Coruña|Osasuna|2|13|13|5|4|1|3|0|0|75|75|73|74|75|72|75|68
14|02/12/2007|Getafe|Levante|0|15|7|13|6|9|0|0|0|76|76|74|77|74|76|75|70
14|02/12/2007|Recreativo de Huelva|Real Zaragoza|0|12|18|4|7|4|3|0|0|73|68|74|71|77|80|75|75
14|02/12/2007|Mallorca|Murcia|1|19|14|8|5|4|1|0|1|74|74|73|74|71|73|70|71
14|02/12/2007|Valencia|Athletic Club|2|24|14|9|8|3|3|0|0|81|79|80|80|72|72|71|70
14|02/12/2007|Valladolid|Villarreal|0|13|28|8|13|4|3|1|0|72|76|72|72|77|79|78|75
15|08/12/2007|Athletic Club|Real Madrid|2|17|32|8|13|5|4|0|0|72|72|71|70|82|81|79|79
15|08/12/2007|Osasuna|Valencia|1|16|24|7|6|1|3|0|0|75|72|75|68|81|79|80|80
15|09/12/2007|Atlético de Madrid|Getafe|0|27|18|13|13|6|4|0|0|79|81|78|77|76|76|74|77
15|09/12/2007|Barcelona|Deportivo de La Coruña|0|28|13|11|5|9|4|0|0|84|83|83|84|75|75|73|74
15|09/12/2007|Levante|Recreativo de Huelva|2|7|15|6|7|6|0|0|0|74|76|75|70|73|68|74|71
15|09/12/2007|Racing de Santander|Mallorca|0|23|20|11|6|7|4|0|0|74|76|73|69|74|74|73|74
15|09/12/2007|Sevilla|Murcia|0|16|15|6|6|6|2|0|1|80|83|75|79|71|73|70|71
15|09/12/2007|Almería|Valladolid|0|16|16|5|11|4|4|1|1|70|71|70|65|72|76|72|72
15|09/12/2007|Villarreal|Betis|2|28|11|10|4|7|1|0|0|77|79|78|75|75|80|72|71
15|09/12/2007|Real Zaragoza|Espanyol|1|18|26|7|10|4|5|0|0|77|80|75|75|76|76|74|72
16|15/12/2007|Espanyol|Levante|0|27|7|10|6|5|0|0|0|76|76|74|72|74|76|75|70
16|15/12/2007|Valencia|Barcelona|2|25|31|7|11|3|2|0|0|81|79|80|80|84|83|83|84
16|16/12/2007|Betis|Almería|0|14|19|6|8|3|1|0|1|75|80|72|71|70|71|70|65
16|16/12/2007|Deportivo de La Coruña|Real Zaragoza|1|13|19|5|5|1|3|0|0|75|75|73|74|77|80|75|75
16|16/12/2007|Getafe|Villarreal|2|18|28|13|10|9|3|0|0|76|76|74|77|77|79|78|75
16|16/12/2007|Recreativo de Huelva|Atlético de Madrid|1|18|30|10|13|7|7|0|0|73|68|74|71|79|81|78|77
16|16/12/2007|Mallorca|Athletic Club|1|20|17|5|7|2|3|0|0|74|74|73|74|72|72|71|70
16|16/12/2007|Murcia|Racing de Santander|0|15|26|3|11|4|4|1|0|71|73|70|71|74|76|73|69
16|16/12/2007|Real Madrid|Osasuna|0|35|17|13|7|9|6|0|0|82|81|79|79|75|72|75|68
16|16/12/2007|Valladolid|Sevilla|1|16|19|10|6|7|0|1|0|72|76|72|72|80|83|75|79
17|22/12/2007|Sevilla|Racing de Santander|0|20|26|7|10|6|3|0|0|80|83|75|79|74|76|73|69
17|22/12/2007|Almería|Getafe|2|19|18|8|10|7|4|1|0|70|71|70|65|76|76|74|77
17|22/12/2007|Real Zaragoza|Valencia|1|20|25|3|7|2|4|0|0|77|80|75|75|81|79|80|80
17|23/12/2007|Athletic Club|Murcia|1|18|18|8|5|4|1|0|1|72|72|71|70|71|73|70|71
17|23/12/2007|Atlético de Madrid|Espanyol|2|31|30|11|12|6|5|0|0|79|81|78|77|76|76|74|72
17|23/12/2007|Barcelona|Real Madrid|2|34|38|13|13|9|4|0|0|84|83|83|84|82|81|79|79
17|23/12/2007|Levante|Deportivo de La Coruña|2|7|14|6|5|6|4|0|0|74|76|75|70|75|75|73|74
17|23/12/2007|Osasuna|Mallorca|0|17|21|4|5|1|3|0|0|75|72|75|68|74|74|73|74
17|23/12/2007|Valladolid|Betis|1|17|17|10|9|7|3|1|0|72|76|72|72|75|80|72|71
17|23/12/2007|Villarreal|Recreativo de Huelva|1|31|19|10|10|4|3|0|0|77|79|78|75|73|68|74|71
18|05/01/2008|Espanyol|Villarreal|0|33|32|14|8|7|6|0|0|76|76|74|72|77|79|78|75
18|05/01/2008|Mallorca|Barcelona|2|21|34|5|10|2|4|0|0|74|74|73|74|84|83|83|84
18|06/01/2008|Deportivo de La Coruña|Atlético de Madrid|2|17|31|5|11|1|5|0|0|75|75|73|74|79|81|78|77
18|06/01/2008|Getafe|Valladolid|2|21|18|10|8|6|3|0|1|76|76|74|77|72|76|72|72
18|06/01/2008|Recreativo de Huelva|Almería|1|20|19|11|8|7|1|0|1|73|68|74|71|70|71|70|65
18|06/01/2008|Murcia|Osasuna|0|19|20|6|7|4|3|1|0|71|73|70|71|75|72|75|68
18|06/01/2008|Racing de Santander|Athletic Club|0|26|19|9|6|7|4|0|0|74|76|73|69|72|72|71|70
18|06/01/2008|Real Madrid|Real Zaragoza|0|41|21|16|4|9|1|0|0|82|81|79|79|77|80|75|75
18|06/01/2008|Sevilla|Betis|0|23|18|7|10|6|4|0|0|80|83|75|79|75|80|72|71
18|06/01/2008|Valencia|Levante|1|26|7|5|3|3|0|0|0|81|79|80|80|74|76|75|70
19|12/01/2008|Athletic Club|Sevilla|0|19|26|6|10|2|1|0|0|72|72|71|70|80|83|75|79
19|12/01/2008|Barcelona|Murcia|0|37|22|13|9|6|2|0|1|84|83|83|84|71|73|70|71
19|13/01/2008|Atlético de Madrid|Valencia|0|34|27|13|3|6|2|0|0|79|81|78|77|81|79|80|80
19|13/01/2008|Betis|Getafe|0|18|21|7|7|6|4|0|0|75|80|72|71|76|76|74|77
19|13/01/2008|Levante|Real Madrid|2|8|44|4|16|3|7|0|0|74|76|75|70|82|81|79|79
19|13/01/2008|Osasuna|Racing de Santander|2|20|29|7|9|4|0|0|0|75|72|75|68|74|76|73|69
19|13/01/2008|Almería|Espanyol|0|20|36|8|14|6|7|1|0|70|71|70|65|76|76|74|72
19|13/01/2008|Valladolid|Recreativo de Huelva|0|21|21|8|9|5|4|1|0|72|76|72|72|73|68|74|71
19|13/01/2008|Villarreal|Deportivo de La Coruña|0|32|17|5|5|2|4|0|0|77|79|78|75|75|75|73|74
19|13/01/2008|Real Zaragoza|Mallorca|1|21|21|4|5|3|3|0|0|77|80|75|75|74|74|73|74
20|19/01/2008|Getafe|Sevilla|0|21|26|6|10|3|1|0|0|76|76|74|77|80|83|75|79
20|19/01/2008|Villarreal|Valencia|0|35|27|7|3|4|2|0|0|77|79|78|75|81|79|80|80
20|20/01/2008|Atlético de Madrid|Real Madrid|2|37|47|13|18|6|9|0|0|79|81|78|77|82|81|79|79
20|20/01/2008|Barcelona|Racing de Santander|0|40|32|13|9|6|3|0|0|84|83|83|84|74|76|73|69
20|20/01/2008|Betis|Recreativo de Huelva|1|21|21|10|9|6|4|0|0|75|80|72|71|73|68|74|71
20|20/01/2008|Levante|Mallorca|1|8|22|1|3|0|1|0|0|74|76|75|70|74|74|73|74
20|20/01/2008|Osasuna|Athletic Club|0|20|22|7|8|4|4|0|0|75|72|75|68|72|72|71|70
20|20/01/2008|Almería|Deportivo de La Coruña|0|23|17|10|4|6|3|1|0|70|71|70|65|75|75|73|74
20|20/01/2008|Valladolid|Espanyol|0|24|36|11|11|5|4|1|0|72|76|72|72|76|76|74|72
20|20/01/2008|Real Zaragoza|Murcia|0|22|22|4|8|3|1|0|1|77|80|75|75|71|73|70|71
21|26/01/2008|Sevilla|Osasuna|0|26|23|10|7|9|3|0|0|80|83|75|79|75|72|75|68
21|27/01/2008|Athletic Club|Barcelona|1|22|43|5|15|4|7|0|0|72|72|71|70|84|83|83|84
21|27/01/2008|Deportivo de La Coruña|Valladolid|0|17|27|4|11|1|3|0|1|75|75|73|74|72|76|72|72
21|27/01/2008|Espanyol|Betis|2|36|22|10|11|7|4|0|0|76|76|74|72|75|80|72|71
21|27/01/2008|Recreativo de Huelva|Getafe|2|22|24|7|6|5|3|0|0|73|68|74|71|76|76|74|77
21|27/01/2008|Mallorca|Atlético de Madrid|0|23|37|3|10|2|7|0|0|74|74|73|74|79|81|78|77
21|27/01/2008|Murcia|Levante|2|22|9|7|2|7|1|1|0|71|73|70|71|74|76|75|70
21|27/01/2008|Racing de Santander|Real Zaragoza|1|32|25|9|7|9|1|0|0|74|76|73|69|77|80|75|75
21|27/01/2008|Real Madrid|Villarreal|0|50|38|18|10|9|3|0|0|82|81|79|79|77|79|78|75
21|27/01/2008|Valencia|Almería|2|27|26|3|10|1|2|0|1|81|79|80|80|70|71|70|65
22|02/02/2008|Betis|Deportivo de La Coruña|2|25|20|11|7|7|3|0|0|75|80|72|71|75|75|73|74
22|02/02/2008|Almería|Real Madrid|0|29|53|10|18|6|9|1|0|70|71|70|65|82|81|79|79
22|03/02/2008|Atlético de Madrid|Murcia|1|37|22|7|7|3|1|0|1|79|81|78|77|71|73|70|71
22|03/02/2008|Barcelona|Osasuna|0|44|23|13|6|6|0|0|0|84|83|83|84|75|72|75|68
22|03/02/2008|Getafe|Espanyol|2|27|36|9|9|3|3|0|0|76|76|74|77|76|76|74|72
22|03/02/2008|Recreativo de Huelva|Sevilla|2|22|29|4|10|2|1|0|0|73|68|74|71|80|83|75|79
22|03/02/2008|Levante|Racing de Santander|1|12|33|5|7|1|3|0|0|74|76|75|70|74|76|73|69
22|03/02/2008|Valladolid|Valencia|2|27|27|11|2|7|1|1|0|72|76|72|72|81|79|80|80
22|03/02/2008|Villarreal|Mallorca|1|38|26|10|6|7|2|0|0|77|79|78|75|74|74|73|74
22|03/02/2008|Real Zaragoza|Athletic Club|0|26|23|7|6|5|1|0|0|77|80|75|75|72|72|71|70
23|09/02/2008|Deportivo de La Coruña|Getafe|1|23|27|9|9|4|6|0|0|75|75|73|74|76|76|74|77
23|09/02/2008|Murcia|Villarreal|2|23|39|5|8|6|3|1|0|71|73|70|71|77|79|78|75
23|09/02/2008|Sevilla|Barcelona|1|32|47|12|13|9|7|0|0|80|83|75|79|84|83|83|84
23|10/02/2008|Athletic Club|Levante|0|23|13|5|6|5|4|0|0|72|72|71|70|74|76|75|70
23|10/02/2008|Espanyol|Recreativo de Huelva|2|39|22|9|3|6|2|0|0|76|76|74|72|73|68|74|71
23|10/02/2008|Mallorca|Almería|1|27|32|6|13|4|4|0|1|74|74|73|74|70|71|70|65
23|10/02/2008|Osasuna|Real Zaragoza|0|23|29|6|9|6|2|0|0|75|72|75|68|77|80|75|75
23|10/02/2008|Racing de Santander|Atlético de Madrid|2|34|38|8|7|7|4|0|0|74|76|73|69|79|81|78|77
23|10/02/2008|Real Madrid|Valladolid|0|53|27|15|10|9|3|0|1|82|81|79|79|72|76|72|72
23|10/02/2008|Valencia|Betis|0|30|25|5|8|1|4|0|0|81|79|80|80|75|80|72|71
24|16/02/2008|Betis|Real Madrid|0|25|56|7|15|4|6|0|0|75|80|72|71|82|81|79|79
24|16/02/2008|Espanyol|Sevilla|2|39|33|6|10|3|3|0|0|76|76|74|72|80|83|75|79
24|16/02/2008|Real Zaragoza|Barcelona|2|29|48|8|14|7|5|0|0|77|80|75|75|84|83|83|84
24|17/02/2008|Atlético de Madrid|Athletic Club|2|41|26|10|7|4|0|0|0|79|81|78|77|72|72|71|70
24|17/02/2008|Getafe|Valencia|1|28|33|7|7|3|3|0|0|76|76|74|77|81|79|80|80
24|17/02/2008|Recreativo de Huelva|Deportivo de La Coruña|0|25|24|5|7|1|3|0|0|73|68|74|71|75|75|73|74
24|17/02/2008|Levante|Osasuna|0|13|26|6|6|2|0|0|0|74|76|75|70|75|72|75|68
24|17/02/2008|Almería|Murcia|0|33|23|14|4|9|1|1|1|70|71|70|65|71|73|70|71
24|17/02/2008|Valladolid|Mallorca|1|27|28|9|7|6|3|1|0|72|76|72|72|74|74|73|74
24|17/02/2008|Villarreal|Racing de Santander|1|42|34|10|8|7|4|0|0|77|79|78|75|74|76|73|69
25|23/02/2008|Sevilla|Real Zaragoza|0|36|29|10|8|7|1|0|0|80|83|75|79|77|80|75|75
25|23/02/2008|Valencia|Recreativo de Huelva|1|34|28|7|7|4|4|0|0|81|79|80|80|73|68|74|71
25|24/02/2008|Athletic Club|Villarreal|2|29|43|10|11|7|3|0|0|72|72|71|70|77|79|78|75
25|24/02/2008|Barcelona|Levante|0|51|16|14|8|9|4|0|0|84|83|83|84|74|76|75|70
25|24/02/2008|Deportivo de La Coruña|Espanyol|0|24|39|7|3|4|3|0|0|75|75|73|74|76|76|74|72
25|24/02/2008|Mallorca|Betis|1|29|28|8|10|4|3|0|0|74|74|73|74|75|80|72|71
25|24/02/2008|Murcia|Valladolid|2|23|28|1|7|3|3|1|1|71|73|70|71|72|76|72|72
25|24/02/2008|Osasuna|Atlético de Madrid|0|26|41|6|7|6|6|0|0|75|72|75|68|79|81|78|77
25|24/02/2008|Racing de Santander|Almería|0|35|36|6|16|4|5|0|1|74|76|73|69|70|71|70|65
25|24/02/2008|Real Madrid|Getafe|2|56|29|12|8|9|4|0|0|82|81|79|79|76|76|74|77
26|01/03/2008|Atlético de Madrid|Barcelona|0|41|54|4|14|1|5|0|0|79|81|78|77|84|83|83|84
26|01/03/2008|Deportivo de La Coruña|Sevilla|0|27|39|10|13|7|6|0|0|75|75|73|74|80|83|75|79
26|01/03/2008|Espanyol|Valencia|0|39|35|3|8|0|4|0|0|76|76|74|72|81|79|80|80
26|01/03/2008|Recreativo de Huelva|Real Madrid|2|29|56|8|9|3|3|0|0|73|68|74|71|82|81|79|79
26|02/03/2008|Betis|Murcia|0|29|23|8|1|4|1|0|1|75|80|72|71|71|73|70|71
26|02/03/2008|Getafe|Mallorca|1|32|30|11|8|4|3|0|0|76|76|74|77|74|74|73|74
26|02/03/2008|Levante|Real Zaragoza|0|16|29|8|7|5|1|0|0|74|76|75|70|77|80|75|75
26|02/03/2008|Almería|Athletic Club|1|36|29|13|7|9|3|1|0|70|71|70|65|72|72|71|70
26|02/03/2008|Valladolid|Racing de Santander|2|31|38|7|6|4|2|1|0|72|76|72|72|74|76|73|69
26|02/03/2008|Villarreal|Osasuna|1|46|29|11|9|5|0|0|0|77|79|78|75|75|72|75|68
27|08/03/2008|Real Madrid|Espanyol|0|59|42|9|6|6|3|0|0|82|81|79|79|76|76|74|72
27|08/03/2008|Real Zaragoza|Atlético de Madrid|0|29|44|4|7|6|3|0|0|77|80|75|75|79|81|78|77
27|09/03/2008|Athletic Club|Valladolid|0|30|31|8|4|4|3|0|1|72|72|71|70|72|76|72|72
27|09/03/2008|Barcelona|Villarreal|2|54|47|11|9|9|6|0|0|84|83|83|84|77|79|78|75
27|09/03/2008|Mallorca|Recreativo de Huelva|0|31|29|8|7|5|5|0|0|74|74|73|74|73|68|74|71
27|09/03/2008|Murcia|Getafe|2|23|33|1|9|0|7|1|0|71|73|70|71|76|76|74|77
27|09/03/2008|Osasuna|Almería|0|30|37|7|11|9|4|0|1|75|72|75|68|70|71|70|65
27|09/03/2008|Racing de Santander|Betis|0|41|32|9|10|4|4|0|0|74|76|73|69|75|80|72|71
27|09/03/2008|Sevilla|Levante|0|39|19|13|10|7|3|0|0|80|83|75|79|74|76|75|70
27|09/03/2008|Valencia|Deportivo de La Coruña|1|35|30|8|13|4|3|0|0|81|79|80|80|75|75|73|74
28|15/03/2008|Betis|Athletic Club|2|32|33|7|10|6|4|0|0|75|80|72|71|72|72|71|70
28|15/03/2008|Deportivo de La Coruña|Real Madrid|0|31|62|11|9|7|3|0|0|75|75|73|74|82|81|79|79
28|15/03/2008|Recreativo de Huelva|Murcia|0|29|23|7|1|3|1|0|1|73|68|74|71|71|73|70|71
28|15/03/2008|Valencia|Sevilla|2|36|42|9|13|5|6|0|0|81|79|80|80|80|83|75|79
28|16/03/2008|Atlético de Madrid|Levante|0|44|19|7|7|4|0|0|0|79|81|78|77|74|76|75|70
28|16/03/2008|Espanyol|Mallorca|0|42|34|6|8|3|3|0|0|76|76|74|72|74|74|73|74
28|16/03/2008|Getafe|Racing de Santander|0|36|44|9|11|2|5|0|0|76|76|74|77|74|76|73|69
28|16/03/2008|Almería|Barcelona|1|37|54|8|10|7|4|1|0|70|71|70|65|84|83|83|84
28|16/03/2008|Valladolid|Osasuna|1|31|33|4|10|1|1|1|0|72|76|72|72|75|72|75|68
28|16/03/2008|Villarreal|Real Zaragoza|0|50|32|12|6|3|0|0|0|77|79|78|75|77|80|75|75
29|22/03/2008|Mallorca|Deportivo de La Coruña|0|34|34|7|11|5|4|0|0|74|74|73|74|75|75|73|74
29|22/03/2008|Sevilla|Atlético de Madrid|2|45|47|13|9|7|3|0|0|80|83|75|79|79|81|78|77
29|23/03/2008|Athletic Club|Getafe|0|36|39|13|12|6|7|0|0|72|72|71|70|76|76|74|77
29|23/03/2008|Barcelona|Valladolid|0|55|32|8|5|6|3|0|1|84|83|83|84|72|76|72|72
29|23/03/2008|Levante|Villarreal|2|19|53|6|14|7|9|0|0|74|76|75|70|77|79|78|75
29|23/03/2008|Murcia|Espanyol|0|23|45|0|6|0|3|1|0|71|73|70|71|76|76|74|72
29|23/03/2008|Osasuna|Betis|2|34|32|11|7|9|1|0|0|75|72|75|68|75|80|72|71
29|23/03/2008|Racing de Santander|Recreativo de Huelva|0|44|32|10|10|6|4|0|0|74|76|73|69|73|68|74|71
29|23/03/2008|Real Madrid|Valencia|2|62|36|9|6|6|4|0|0|82|81|79|79|81|79|80|80
29|23/03/2008|Real Zaragoza|Almería|1|32|38|3|6|6|1|0|1|77|80|75|75|70|71|70|65
30|29/03/2008|Betis|Barcelona|0|35|58|10|10|6|4|0|0|75|80|72|71|84|83|83|84
30|29/03/2008|Villarreal|Atlético de Madrid|0|56|50|14|9|5|3|0|0|77|79|78|75|79|81|78|77
30|30/03/2008|Deportivo de La Coruña|Murcia|0|34|26|10|3|9|0|0|1|75|75|73|74|71|73|70|71
30|30/03/2008|Espanyol|Racing de Santander|2|45|47|6|13|6|4|0|0|76|76|74|72|74|76|73|69
30|30/03/2008|Getafe|Osasuna|2|39|34|11|8|5|2|0|0|76|76|74|77|75|72|75|68
30|30/03/2008|Recreativo de Huelva|Athletic Club|1|32|39|7|13|6|7|0|0|73|68|74|71|72|72|71|70
30|30/03/2008|Real Madrid|Sevilla|0|62|45|6|12|3|6|0|0|82|81|79|79|80|83|75|79
30|30/03/2008|Almería|Levante|0|39|19|6|6|5|0|1|0|70|71|70|65|74|76|75|70
30|30/03/2008|Valencia|Mallorca|2|39|37|6|9|2|2|0|0|81|79|80|80|74|74|73|74
30|30/03/2008|Valladolid|Real Zaragoza|0|32|33|5|4|2|0|1|0|72|76|72|72|77|80|75|75
31|05/04/2008|Mallorca|Real Madrid|1|40|65|11|9|7|3|0|0|74|74|73|74|82|81|79|79
31|05/04/2008|Osasuna|Recreativo de Huelva|2|37|33|11|5|6|1|0|0|75|72|75|68|73|68|74|71
31|06/04/2008|Athletic Club|Espanyol|0|40|45|11|6|6|0|0|0|72|72|71|70|76|76|74|72
31|06/04/2008|Atlético de Madrid|Almería|0|50|42|9|6|6|1|0|1|79|81|78|77|70|71|70|65
31|06/04/2008|Barcelona|Getafe|1|58|39|7|10|6|6|0|0|84|83|83|84|76|76|74|77
31|06/04/2008|Levante|Valladolid|2|19|35|3|7|6|3|0|1|74|76|75|70|72|76|72|72
31|06/04/2008|Murcia|Valencia|0|26|39|3|5|3|4|1|0|71|73|70|71|81|79|80|80
31|06/04/2008|Racing de Santander|Deportivo de La Coruña|2|50|37|15|13|9|1|0|0|74|76|73|69|75|75|73|74
31|06/04/2008|Sevilla|Villarreal|0|45|59|9|16|6|9|0|0|80|83|75|79|77|79|78|75
31|06/04/2008|Real Zaragoza|Betis|2|33|38|4|10|4|4|0|0|77|80|75|75|75|80|72|71
32|12/04/2008|Recreativo de Huelva|Barcelona|1|36|59|7|5|4|1|0|0|73|68|74|71|84|83|83|84
32|12/04/2008|Valencia|Racing de Santander|2|39|50|4|12|1|6|0|0|81|79|80|80|74|76|73|69
32|13/04/2008|Betis|Levante|2|41|19|12|3|6|0|0|0|75|80|72|71|74|76|75|70
32|13/04/2008|Deportivo de La Coruña|Athletic Club|0|40|43|13|14|9|5|0|0|75|75|73|74|72|72|71|70
32|13/04/2008|Espanyol|Osasuna|2|45|37|6|8|6|5|0|0|76|76|74|72|75|72|75|68
32|13/04/2008|Getafe|Real Zaragoza|1|40|33|8|4|4|0|0|0|76|76|74|77|77|80|75|75
32|13/04/2008|Mallorca|Sevilla|2|41|48|11|9|7|3|0|0|74|74|73|74|80|83|75|79
32|13/04/2008|Real Madrid|Murcia|0|66|29|10|6|6|0|0|1|82|81|79|79|71|73|70|71
32|13/04/2008|Almería|Villarreal|0|42|59|6|13|5|6|1|0|70|71|70|65|77|79|78|75
32|13/04/2008|Valladolid|Atlético de Madrid|1|38|53|7|12|4|3|1|0|72|76|72|72|79|81|78|77
33|19/04/2008|Atlético de Madrid|Betis|2|54|41|10|9|9|6|0|0|79|81|78|77|75|80|72|71
33|19/04/2008|Barcelona|Espanyol|1|60|45|6|3|4|0|0|0|84|83|83|84|76|76|74|72
33|19/04/2008|Sevilla|Almería|2|51|45|12|8|6|1|0|1|80|83|75|79|70|71|70|65
33|19/04/2008|Real Zaragoza|Recreativo de Huelva|0|34|37|5|8|4|3|0|0|77|80|75|75|73|68|74|71
33|20/04/2008|Athletic Club|Valencia|0|43|39|13|4|9|3|0|0|72|72|71|70|81|79|80|80
33|20/04/2008|Levante|Getafe|0|22|41|3|8|3|4|0|0|74|76|75|70|76|76|74|77
33|20/04/2008|Murcia|Mallorca|2|29|41|6|10|6|4|1|0|71|73|70|71|74|74|73|74
33|20/04/2008|Osasuna|Deportivo de La Coruña|2|40|43|10|13|3|4|0|0|75|72|75|68|75|75|73|74
33|20/04/2008|Racing de Santander|Real Madrid|2|53|69|12|10|6|4|0|0|74|76|73|69|82|81|79|79
33|20/04/2008|Villarreal|Valladolid|0|59|39|12|8|7|3|0|1|77|79|78|75|72|76|72|72
34|26/04/2008|Deportivo de La Coruña|Barcelona|0|46|61|15|7|9|2|0|0|75|75|73|74|84|83|83|84
34|26/04/2008|Murcia|Sevilla|1|29|51|6|9|6|6|1|0|71|73|70|71|80|83|75|79
34|27/04/2008|Betis|Villarreal|2|44|62|12|12|3|3|0|0|75|80|72|71|77|79|78|75
34|27/04/2008|Espanyol|Real Zaragoza|1|46|37|4|5|3|1|0|0|76|76|74|72|77|80|75|75
34|27/04/2008|Getafe|Atlético de Madrid|1|41|54|5|10|4|4|0|0|76|76|74|77|79|81|78|77
34|27/04/2008|Recreativo de Huelva|Levante|0|37|25|8|6|5|3|0|0|73|68|74|71|74|76|75|70
34|27/04/2008|Mallorca|Racing de Santander|0|44|53|10|9|4|6|0|0|74|74|73|74|74|76|73|69
34|27/04/2008|Real Madrid|Athletic Club|0|72|46|10|13|6|4|0|0|82|81|79|79|72|72|71|70
34|27/04/2008|Valencia|Osasuna|0|39|40|3|7|0|7|0|0|81|79|80|80|75|72|75|68
34|27/04/2008|Valladolid|Almería|0|39|48|8|11|5|4|1|1|72|76|72|72|70|71|70|65
35|03/05/2008|Atlético de Madrid|Recreativo de Huelva|0|55|40|8|8|6|3|0|0|79|81|78|77|73|68|74|71
35|03/05/2008|Real Zaragoza|Deportivo de La Coruña|0|38|49|6|15|4|6|0|0|77|80|75|75|75|75|73|74
35|04/05/2008|Athletic Club|Mallorca|2|46|47|10|13|9|6|0|0|72|72|71|70|74|74|73|74
35|04/05/2008|Barcelona|Valencia|0|61|42|6|6|5|3|0|0|84|83|83|84|81|79|80|80
35|04/05/2008|Levante|Espanyol|1|25|47|6|2|3|1|0|0|74|76|75|70|76|76|74|72
35|04/05/2008|Osasuna|Real Madrid|2|40|75|6|13|0|4|0|0|75|72|75|68|82|81|79|79
35|04/05/2008|Racing de Santander|Murcia|0|53|30|9|7|3|0|0|1|74|76|73|69|71|73|70|71
35|04/05/2008|Sevilla|Valladolid|0|52|42|7|10|3|3|0|1|80|83|75|79|72|76|72|72
35|04/05/2008|Almería|Betis|1|48|44|10|12|7|9|1|0|70|71|70|65|75|80|72|71
35|04/05/2008|Villarreal|Getafe|0|65|42|12|3|9|1|0|0|77|79|78|75|76|76|74|77
36|07/05/2008|Betis|Valladolid|1|45|42|10|10|3|3|0|1|75|80|72|71|72|76|72|72
36|07/05/2008|Deportivo de La Coruña|Levante|0|49|26|15|7|9|3|0|0|75|75|73|74|74|76|75|70
36|07/05/2008|Getafe|Almería|0|42|49|3|10|2|3|0|1|76|76|74|77|70|71|70|65
36|07/05/2008|Recreativo de Huelva|Villarreal|2|40|68|8|12|5|3|0|0|73|68|74|71|77|79|78|75
36|07/05/2008|Mallorca|Osasuna|0|50|40|13|6|4|6|0|0|74|74|73|74|75|72|75|68
36|07/05/2008|Murcia|Athletic Club|2|30|46|4|7|4|1|1|0|71|73|70|71|72|72|71|70
36|07/05/2008|Racing de Santander|Sevilla|2|56|55|9|10|3|4|0|0|74|76|73|69|80|83|75|79
36|07/05/2008|Real Madrid|Barcelona|0|78|64|16|6|9|1|0|0|82|81|79|79|84|83|83|84
36|07/05/2008|Valencia|Real Zaragoza|0|42|41|3|8|3|2|0|0|81|79|80|80|77|80|75|75
36|08/05/2008|Espanyol|Atlético de Madrid|2|48|58|3|8|1|2|0|0|76|76|74|72|79|81|78|77
37|11/05/2008|Athletic Club|Racing de Santander|1|49|56|9|6|6|6|0|0|72|72|71|70|74|76|73|69
37|11/05/2008|Atlético de Madrid|Deportivo de La Coruña|0|61|52|11|15|6|6|0|0|79|81|78|77|75|75|73|74
37|11/05/2008|Barcelona|Mallorca|2|64|53|6|13|5|9|0|0|84|83|83|84|74|74|73|74
37|11/05/2008|Betis|Sevilla|2|46|58|8|13|1|7|0|0|75|80|72|71|80|83|75|79
37|11/05/2008|Levante|Valencia|2|26|45|7|6|4|0|0|0|74|76|75|70|81|79|80|80
37|11/05/2008|Osasuna|Murcia|0|40|30|3|4|0|0|0|1|75|72|75|68|71|73|70|71
37|11/05/2008|Almería|Recreativo de Huelva|2|49|40|7|7|7|3|1|0|70|71|70|65|73|68|74|71
37|11/05/2008|Valladolid|Getafe|1|43|45|8|6|7|1|1|0|72|76|72|72|76|76|74|77
37|11/05/2008|Villarreal|Espanyol|0|71|48|12|3|9|2|0|0|77|79|78|75|76|76|74|72
37|11/05/2008|Real Zaragoza|Real Madrid|1|41|81|8|16|6|7|0|0|77|80|75|75|82|81|79|79
38|17/05/2008|Murcia|Barcelona|2|30|64|1|5|1|1|1|0|71|73|70|71|84|83|83|84
38|18/05/2008|Deportivo de La Coruña|Villarreal|2|52|74|12|15|9|6|0|0|75|75|73|74|77|79|78|75
38|18/05/2008|Espanyol|Almería|2|48|49|3|7|1|3|0|1|76|76|74|72|70|71|70|65
38|18/05/2008|Getafe|Betis|1|46|46|6|5|5|7|0|0|76|76|74|77|75|80|72|71
38|18/05/2008|Recreativo de Huelva|Valladolid|1|43|44|7|6|4|1|0|1|73|68|74|71|72|76|72|72
38|18/05/2008|Mallorca|Real Zaragoza|0|56|42|15|9|6|2|0|0|74|74|73|74|77|80|75|75
38|18/05/2008|Racing de Santander|Osasuna|0|57|43|7|6|3|3|0|0|74|76|73|69|75|72|75|68
38|18/05/2008|Real Madrid|Levante|0|82|26|16|7|9|3|0|0|82|81|79|79|74|76|75|70
38|18/05/2008|Sevilla|Athletic Club|0|61|50|13|7|6|3|0|0|80|83|75|79|72|72|71|70
38|18/05/2008|Valencia|Atlético de Madrid|0|48|64|9|11|6|5|0|0|81|79|80|80|79|81|78|77
