1|27/08/2005|Athletic Club|Real Sociedad|0|0|0|0|0|0|0|0|0|77|72|72|66|83|74|70|74
1|27/08/2005|Alavés|Barcelona|1|0|0|0|0|0|0|1|0|66|64|58|66|94|85|84|81
1|27/08/2005|Valencia|Betis|0|0|0|0|0|0|0|0|0|83|83|85|81|82|79|78|77
1|28/08/2005|Atlético de Madrid|Real Zaragoza|1|0|0|0|0|0|0|0|0|82|78|73|78|78|76|74|76
1|28/08/2005|Cádiz|Real Madrid|2|0|0|0|0|0|0|1|0|68|70|68|72|92|87|86|86
1|28/08/2005|Celta de Vigo|Málaga|0|0|0|0|0|0|0|1|0|78|75|75|73|80|74|72|74
1|28/08/2005|Espanyol|Getafe|2|0|0|0|0|0|0|0|0|75|74|70|77|80|76|77|73
1|28/08/2005|Mallorca|Deportivo de La Coruña|2|0|0|0|0|0|0|0|0|76|72|72|74|80|81|82|81
1|28/08/2005|Osasuna|Villarreal|0|0|0|0|0|0|0|0|0|73|72|70|71|81|79|77|76
1|28/08/2005|Sevilla|Racing de Santander|0|0|0|0|0|0|0|0|0|84|77|75|75|77|71|71|69
2|10/09/2005|Betis|Osasuna|0|0|3|0|3|0|0|0|0|82|79|78|77|73|72|70|71
2|10/09/2005|Deportivo de La Coruña|Atlético de Madrid|0|3|1|3|1|0|0|0|0|80|81|82|81|82|78|73|78
2|10/09/2005|Real Madrid|Celta de Vigo|2|3|3|3|3|0|0|0|1|92|87|86|86|78|75|75|73
2|11/09/2005|Barcelona|Mallorca|0|1|0|1|0|0|0|0|0|94|85|84|81|76|72|72|74
2|11/09/2005|Getafe|Athletic Club|1|3|3|3|3|0|0|0|0|80|76|77|73|77|72|72|66
2|11/09/2005|Málaga|Espanyol|2|0|0|0|0|0|0|0|0|80|74|72|74|75|74|70|77
2|11/09/2005|Racing de Santander|Cádiz|2|0|0|0|0|0|0|0|1|77|71|71|69|68|70|68|72
2|11/09/2005|Real Sociedad|Alavés|0|0|1|0|1|0|0|0|1|83|74|70|74|66|64|58|66
2|11/09/2005|Villarreal|Sevilla|1|0|3|0|3|0|0|0|0|81|79|77|76|84|77|75|75
2|11/09/2005|Real Zaragoza|Valencia|1|1|3|1|3|0|0|0|0|78|76|74|76|83|83|85|81
3|17/09/2005|Mallorca|Real Sociedad|0|0|3|0|3|0|0|0|0|76|72|72|74|83|74|70|74
3|17/09/2005|Valencia|Deportivo de La Coruña|1|4|6|4|6|3|3|0|0|83|83|85|81|80|81|82|81
3|18/09/2005|Athletic Club|Málaga|2|4|0|4|0|3|0|0|0|77|72|72|66|80|74|72|74
3|18/09/2005|Atlético de Madrid|Barcelona|0|1|4|1|4|1|1|0|0|82|78|73|78|94|85|84|81
3|18/09/2005|Betis|Real Zaragoza|1|3|2|3|2|3|1|0|0|82|79|78|77|78|76|74|76
3|18/09/2005|Cádiz|Villarreal|1|3|1|3|1|0|0|1|0|68|70|68|72|81|79|77|76
3|18/09/2005|Celta de Vigo|Racing de Santander|2|6|0|6|0|3|0|1|0|78|75|75|73|77|71|71|69
3|18/09/2005|Alavés|Getafe|2|1|4|1|4|1|3|1|0|66|64|58|66|80|76|77|73
3|18/09/2005|Espanyol|Real Madrid|0|3|3|3|3|0|3|0|0|75|74|70|77|92|87|86|86
3|18/09/2005|Osasuna|Sevilla|0|3|4|3|4|3|1|0|0|73|72|70|71|84|77|75|75
4|21/09/2005|Barcelona|Valencia|1|4|5|4|5|3|1|0|0|94|85|84|81|83|83|85|81
4|21/09/2005|Deportivo de La Coruña|Betis|1|7|4|7|4|3|0|0|0|80|81|82|81|82|79|78|77
4|21/09/2005|Getafe|Mallorca|1|7|3|7|3|1|0|0|0|80|76|77|73|76|72|72|74
4|21/09/2005|Málaga|Alavés|1|3|1|3|1|0|0|0|1|80|74|72|74|66|64|58|66
4|21/09/2005|Racing de Santander|Espanyol|0|3|6|3|6|0|3|0|0|77|71|71|69|75|74|70|77
4|21/09/2005|Real Sociedad|Atlético de Madrid|0|3|4|3|4|3|0|0|0|83|74|70|74|82|78|73|78
4|21/09/2005|Sevilla|Cádiz|1|4|4|4|4|3|3|0|1|84|77|75|75|68|70|68|72
4|21/09/2005|Villarreal|Celta de Vigo|2|2|6|2|6|1|3|0|1|81|79|77|76|78|75|75|73
4|21/09/2005|Real Zaragoza|Osasuna|0|3|6|3|6|1|0|0|0|78|76|74|76|73|72|70|71
4|22/09/2005|Real Madrid|Athletic Club|0|3|4|3|4|0|1|0|0|92|87|86|86|77|72|72|66
5|24/09/2005|Atlético de Madrid|Getafe|2|4|8|4|8|4|6|0|0|82|78|73|78|80|76|77|73
5|24/09/2005|Betis|Barcelona|2|5|5|5|5|4|1|0|0|82|79|78|77|94|85|84|81
5|24/09/2005|Espanyol|Villarreal|2|6|2|6|2|3|1|0|0|75|74|70|77|81|79|77|76
5|24/09/2005|Valencia|Real Sociedad|0|6|6|6|6|4|0|0|0|83|83|85|81|83|74|70|74
5|24/09/2005|Real Zaragoza|Deportivo de La Coruña|1|6|8|6|8|4|4|0|0|78|76|74|76|80|81|82|81
5|25/09/2005|Athletic Club|Racing de Santander|1|4|6|4|6|3|3|0|0|77|72|72|66|77|71|71|69
5|25/09/2005|Celta de Vigo|Sevilla|0|9|5|9|5|3|1|1|0|78|75|75|73|84|77|75|75
5|25/09/2005|Alavés|Real Madrid|2|2|6|2|6|1|3|1|0|66|64|58|66|92|87|86|86
5|25/09/2005|Mallorca|Málaga|2|4|4|4|4|3|3|0|0|76|72|72|74|80|74|72|74
5|25/09/2005|Osasuna|Cádiz|0|6|5|6|5|6|4|0|1|73|72|70|71|68|70|68|72
6|01/10/2005|Barcelona|Real Zaragoza|1|8|7|8|7|4|2|0|0|94|85|84|81|78|76|74|76
6|01/10/2005|Getafe|Valencia|0|11|9|11|9|2|2|0|0|80|76|77|73|83|83|85|81
6|02/10/2005|Cádiz|Celta de Vigo|1|5|12|5|12|1|6|1|1|68|70|68|72|78|75|75|73
6|02/10/2005|Deportivo de La Coruña|Osasuna|2|9|9|9|9|4|0|0|0|80|81|82|81|73|72|70|71
6|02/10/2005|Málaga|Atlético de Madrid|2|7|4|7|4|1|0|0|0|80|74|72|74|82|78|73|78
6|02/10/2005|Racing de Santander|Alavés|2|7|2|7|2|3|1|0|1|77|71|71|69|66|64|58|66
6|02/10/2005|Real Sociedad|Betis|1|6|5|6|5|6|1|0|0|83|74|70|74|82|79|78|77
6|02/10/2005|Real Madrid|Mallorca|0|9|4|9|4|3|1|0|0|92|87|86|86|76|72|72|74
6|02/10/2005|Sevilla|Espanyol|1|5|6|5|6|4|3|0|0|84|77|75|75|75|74|70|77
6|02/10/2005|Villarreal|Athletic Club|0|5|5|5|5|1|1|0|0|81|79|77|76|77|72|72|66
7|15/10/2005|Atlético de Madrid|Real Madrid|2|7|12|7|12|4|6|0|0|82|78|73|78|92|87|86|86
7|15/10/2005|Alavés|Villarreal|1|5|8|5|8|1|4|1|0|66|64|58|66|81|79|77|76
7|15/10/2005|Deportivo de La Coruña|Barcelona|1|9|9|9|9|4|4|0|0|80|81|82|81|94|85|84|81
7|16/10/2005|Athletic Club|Sevilla|2|5|6|5|6|4|1|0|0|77|72|72|66|84|77|75|75
7|16/10/2005|Betis|Getafe|0|6|14|6|14|4|9|0|0|82|79|78|77|80|76|77|73
7|16/10/2005|Espanyol|Cádiz|2|7|6|7|6|3|4|0|1|75|74|70|77|68|70|68|72
7|16/10/2005|Mallorca|Racing de Santander|1|4|7|4|7|3|4|0|0|76|72|72|74|77|71|71|69
7|16/10/2005|Osasuna|Celta de Vigo|0|12|13|12|13|9|7|0|1|73|72|70|71|78|75|75|73
7|16/10/2005|Valencia|Málaga|0|9|7|9|7|7|6|0|0|83|83|85|81|80|74|72|74
7|16/10/2005|Real Zaragoza|Real Sociedad|2|8|7|8|7|5|0|0|0|78|76|74|76|83|74|70|74
8|22/10/2005|Barcelona|Osasuna|0|10|15|9|12|5|3|0|0|94|85|84|81|73|72|70|71
8|22/10/2005|Sevilla|Alavés|0|9|6|6|5|5|4|0|1|84|77|75|75|66|64|58|66
8|23/10/2005|Cádiz|Athletic Club|0|9|5|9|2|2|1|1|0|68|70|68|72|77|72|72|66
8|23/10/2005|Celta de Vigo|Espanyol|0|13|7|10|7|6|4|1|0|78|75|75|73|75|74|70|77
8|23/10/2005|Getafe|Real Zaragoza|0|14|8|11|7|5|3|0|0|80|76|77|73|78|76|74|76
8|23/10/2005|Málaga|Betis|0|7|9|7|9|1|2|0|0|80|74|72|74|82|79|78|77
8|23/10/2005|Racing de Santander|Atlético de Madrid|2|8|7|8|6|3|3|0|0|77|71|71|69|82|78|73|78
8|23/10/2005|Real Sociedad|Deportivo de La Coruña|0|10|10|10|7|7|5|0|0|83|74|70|74|80|81|82|81
8|23/10/2005|Real Madrid|Valencia|2|15|12|12|9|6|2|0|0|92|87|86|86|83|83|85|81
8|23/10/2005|Villarreal|Mallorca|0|9|5|9|5|4|1|0|0|81|79|77|76|76|72|72|74
9|29/10/2005|Athletic Club|Celta de Vigo|1|5|16|1|10|1|4|0|1|77|72|72|66|78|75|75|73
9|29/10/2005|Betis|Real Madrid|2|9|15|6|12|4|6|0|0|82|79|78|77|92|87|86|86
9|30/10/2005|Atlético de Madrid|Villarreal|1|10|12|9|11|3|5|0|0|82|78|73|78|81|79|77|76
9|30/10/2005|Barcelona|Real Sociedad|0|13|13|9|10|5|3|0|0|94|85|84|81|83|74|70|74
9|30/10/2005|Alavés|Cádiz|1|6|12|5|9|1|4|1|1|66|64|58|66|68|70|68|72
9|30/10/2005|Deportivo de La Coruña|Getafe|0|10|17|4|13|2|6|0|0|80|81|82|81|80|76|77|73
9|30/10/2005|Mallorca|Sevilla|1|5|12|5|8|4|3|0|0|76|72|72|74|84|77|75|75
9|30/10/2005|Osasuna|Espanyol|0|15|7|12|4|9|1|0|0|73|72|70|71|75|74|70|77
9|30/10/2005|Valencia|Racing de Santander|1|15|8|11|8|7|5|0|0|83|83|85|81|77|71|71|69
9|30/10/2005|Real Zaragoza|Málaga|1|8|10|6|10|4|6|0|0|78|76|74|76|80|74|72|74
10|05/11/2005|Espanyol|Athletic Club|1|7|6|1|2|3|0|0|0|75|74|70|77|77|72|72|66
10|05/11/2005|Real Sociedad|Osasuna|2|13|18|10|12|7|3|0|0|83|74|70|74|73|72|70|71
10|05/11/2005|Villarreal|Valencia|0|13|16|11|11|6|4|0|0|81|79|77|76|83|83|85|81
10|06/11/2005|Cádiz|Mallorca|2|13|6|9|3|5|1|1|0|68|70|68|72|76|72|72|74
10|06/11/2005|Celta de Vigo|Alavés|0|17|7|11|6|6|4|1|1|78|75|75|73|66|64|58|66
10|06/11/2005|Getafe|Barcelona|2|17|16|10|12|7|4|0|0|80|76|77|73|94|85|84|81
10|06/11/2005|Málaga|Deportivo de La Coruña|1|11|13|8|6|4|2|0|0|80|74|72|74|80|81|82|81
10|06/11/2005|Racing de Santander|Betis|1|9|9|6|5|3|2|0|0|77|71|71|69|82|79|78|77
10|06/11/2005|Real Madrid|Real Zaragoza|0|18|9|15|6|6|2|0|0|92|87|86|86|78|76|74|76
10|06/11/2005|Sevilla|Atlético de Madrid|1|13|11|9|7|5|6|0|0|84|77|75|75|82|78|73|78
11|26/10/2005|Barcelona|Málaga|0|19|12|14|8|7|4|0|0|94|85|84|81|80|74|72|74
11|26/10/2005|Betis|Villarreal|2|10|16|5|14|3|5|0|0|82|79|78|77|81|79|77|76
11|26/10/2005|Deportivo de La Coruña|Real Madrid|0|14|21|6|15|4|9|0|0|80|81|82|81|92|87|86|86
11|26/10/2005|Mallorca|Celta de Vigo|0|9|20|5|11|2|2|0|1|76|72|72|74|78|75|75|73
11|26/10/2005|Osasuna|Athletic Club|0|21|7|15|3|9|1|0|0|73|72|70|71|77|72|72|66
11|27/10/2005|Atlético de Madrid|Cádiz|0|12|13|8|8|1|4|0|1|82|78|73|78|68|70|68|72
11|27/10/2005|Alavés|Espanyol|1|7|8|5|2|2|1|1|0|66|64|58|66|75|74|70|77
11|27/10/2005|Real Sociedad|Getafe|0|13|17|7|9|4|3|0|0|83|74|70|74|80|76|77|73
11|27/10/2005|Valencia|Sevilla|2|16|14|10|9|7|4|0|0|83|83|85|81|84|77|75|75
11|27/10/2005|Real Zaragoza|Racing de Santander|1|9|10|3|4|2|3|0|0|78|76|74|76|77|71|71|69
12|19/11/2005|Getafe|Osasuna|1|17|24|6|15|6|6|0|0|80|76|77|73|73|72|70|71
12|19/11/2005|Real Madrid|Barcelona|2|21|22|12|14|6|7|0|0|92|87|86|86|94|85|84|81
12|19/11/2005|Sevilla|Betis|0|17|10|12|5|5|2|0|0|84|77|75|75|82|79|78|77
12|19/11/2005|Villarreal|Real Zaragoza|1|19|10|14|3|9|1|0|0|81|79|77|76|78|76|74|76
12|20/11/2005|Athletic Club|Alavés|2|7|8|2|6|2|3|0|1|77|72|72|66|66|64|58|66
12|20/11/2005|Cádiz|Valencia|2|13|16|8|7|4|3|1|0|68|70|68|72|83|83|85|81
12|20/11/2005|Celta de Vigo|Atlético de Madrid|0|20|15|8|11|9|7|1|0|78|75|75|73|82|78|73|78
12|20/11/2005|Espanyol|Mallorca|0|9|12|3|8|1|3|0|0|75|74|70|77|76|72|72|74
12|20/11/2005|Málaga|Real Sociedad|0|12|16|5|10|4|3|0|0|80|74|72|74|83|74|70|74
12|20/11/2005|Racing de Santander|Deportivo de La Coruña|2|11|17|4|8|1|2|0|0|77|71|71|69|80|81|82|81
13|26/11/2005|Mallorca|Athletic Club|2|12|7|8|2|5|1|0|0|76|72|72|74|77|72|72|66
13|26/11/2005|Valencia|Celta de Vigo|0|19|23|10|10|4|1|0|1|83|83|85|81|78|75|75|73
13|27/11/2005|Atlético de Madrid|Espanyol|1|15|12|8|5|4|1|0|0|82|78|73|78|75|74|70|77
13|27/11/2005|Barcelona|Racing de Santander|0|25|11|16|4|9|3|0|0|94|85|84|81|77|71|71|69
13|27/11/2005|Betis|Cádiz|1|10|13|4|7|3|4|0|1|82|79|78|77|68|70|68|72
13|27/11/2005|Deportivo de La Coruña|Villarreal|2|20|20|11|12|7|5|0|0|80|81|82|81|81|79|77|76
13|27/11/2005|Getafe|Málaga|0|18|15|4|8|4|1|0|0|80|76|77|73|80|74|72|74
13|27/11/2005|Osasuna|Alavés|0|25|11|13|6|9|3|0|1|73|72|70|71|66|64|58|66
13|27/11/2005|Real Sociedad|Real Madrid|1|16|21|9|9|6|6|0|0|83|74|70|74|92|87|86|86
13|27/11/2005|Real Zaragoza|Sevilla|2|11|20|3|14|2|7|0|0|78|76|74|76|84|77|75|75
14|03/12/2005|Athletic Club|Atlético de Madrid|1|10|16|5|9|1|4|0|0|77|72|72|66|82|78|73|78
14|03/12/2005|Celta de Vigo|Betis|0|23|11|10|2|9|1|1|0|78|75|75|73|82|79|78|77
14|03/12/2005|Real Madrid|Getafe|0|22|21|7|7|3|0|0|0|92|87|86|86|80|76|77|73
14|04/12/2005|Cádiz|Real Zaragoza|2|14|11|5|3|3|1|1|0|68|70|68|72|78|76|74|76
14|04/12/2005|Alavés|Mallorca|2|11|12|5|7|3|3|1|0|66|64|58|66|76|72|72|74
14|04/12/2005|Espanyol|Valencia|2|13|22|6|10|4|6|0|0|75|74|70|77|83|83|85|81
14|04/12/2005|Málaga|Osasuna|2|15|28|8|13|7|4|0|0|80|74|72|74|73|72|70|71
14|04/12/2005|Racing de Santander|Real Sociedad|1|11|17|3|7|1|3|0|0|77|71|71|69|83|74|70|74
14|04/12/2005|Sevilla|Deportivo de La Coruña|2|23|20|14|10|7|4|0|0|84|77|75|75|80|81|82|81
14|04/12/2005|Villarreal|Barcelona|2|23|28|14|18|7|7|0|0|81|79|77|76|94|85|84|81
15|10/12/2005|Real Sociedad|Villarreal|2|18|23|5|11|4|7|0|0|83|74|70|74|81|79|77|76
15|10/12/2005|Valencia|Athletic Club|1|25|11|10|6|4|4|0|0|83|83|85|81|77|72|72|66
15|11/12/2005|Atlético de Madrid|Alavés|1|17|11|7|5|5|3|0|1|82|78|73|78|66|64|58|66
15|11/12/2005|Barcelona|Sevilla|0|31|23|18|11|9|7|0|0|94|85|84|81|84|77|75|75
15|11/12/2005|Betis|Espanyol|1|11|13|2|6|1|2|0|0|82|79|78|77|75|74|70|77
15|11/12/2005|Deportivo de La Coruña|Cádiz|0|23|14|13|2|6|2|0|1|80|81|82|81|68|70|68|72
15|11/12/2005|Getafe|Racing de Santander|2|21|12|4|4|4|2|0|0|80|76|77|73|77|71|71|69
15|11/12/2005|Málaga|Real Madrid|2|15|25|5|10|4|4|0|0|80|74|72|74|92|87|86|86
15|11/12/2005|Osasuna|Mallorca|0|31|15|16|10|9|6|0|0|73|72|70|71|76|72|72|74
15|11/12/2005|Real Zaragoza|Celta de Vigo|0|14|26|6|10|2|1|0|1|78|76|74|76|78|75|75|73
16|17/12/2005|Athletic Club|Betis|0|12|12|6|3|2|1|0|0|77|72|72|66|82|79|78|77
16|17/12/2005|Cádiz|Barcelona|2|14|34|1|18|0|9|1|0|68|70|68|72|94|85|84|81
16|17/12/2005|Celta de Vigo|Deportivo de La Coruña|2|26|26|9|13|9|7|1|0|78|75|75|73|80|81|82|81
16|18/12/2005|Alavés|Valencia|2|12|26|5|10|2|6|1|0|66|64|58|66|83|83|85|81
16|18/12/2005|Espanyol|Real Zaragoza|1|14|17|7|8|4|4|0|0|75|74|70|77|78|76|74|76
16|18/12/2005|Mallorca|Atlético de Madrid|1|15|18|9|7|4|2|0|0|76|72|72|74|82|78|73|78
16|18/12/2005|Racing de Santander|Málaga|1|15|15|6|4|2|1|0|0|77|71|71|69|80|74|72|74
16|18/12/2005|Real Madrid|Osasuna|1|28|34|10|16|6|7|0|0|92|87|86|86|73|72|70|71
16|18/12/2005|Sevilla|Real Sociedad|0|23|18|10|5|4|1|0|0|84|77|75|75|83|74|70|74
16|18/12/2005|Villarreal|Getafe|0|26|21|13|4|4|0|0|0|81|79|77|76|80|76|77|73
17|20/12/2005|Barcelona|Celta de Vigo|0|37|26|18|6|9|0|0|1|94|85|84|81|78|75|75|73
17|21/12/2005|Betis|Alavés|0|12|12|2|5|2|4|0|1|82|79|78|77|66|64|58|66
17|21/12/2005|Deportivo de La Coruña|Espanyol|2|29|15|15|7|6|3|0|0|80|81|82|81|75|74|70|77
17|21/12/2005|Getafe|Sevilla|0|21|26|4|12|4|6|0|0|80|76|77|73|84|77|75|75
17|21/12/2005|Málaga|Villarreal|1|16|29|4|13|3|9|0|0|80|74|72|74|81|79|77|76
17|21/12/2005|Real Sociedad|Cádiz|0|18|14|5|1|4|1|0|1|83|74|70|74|68|70|68|72
17|21/12/2005|Real Madrid|Racing de Santander|2|29|16|8|6|4|4|0|0|92|87|86|86|77|71|71|69
17|21/12/2005|Valencia|Mallorca|0|29|16|13|7|4|3|0|0|83|83|85|81|76|72|72|74
17|21/12/2005|Real Zaragoza|Athletic Club|0|18|15|9|8|4|4|0|0|78|76|74|76|77|72|72|66
17|22/12/2005|Osasuna|Atlético de Madrid|0|35|19|14|7|9|2|0|0|73|72|70|71|82|78|73|78
18|07/01/2006|Athletic Club|Deportivo de La Coruña|2|15|29|8|12|4|9|0|0|77|72|72|66|80|81|82|81
18|07/01/2006|Espanyol|Barcelona|2|18|40|9|18|4|9|0|0|75|74|70|77|94|85|84|81
18|08/01/2006|Atlético de Madrid|Valencia|1|19|32|4|16|5|9|0|0|82|78|73|78|83|83|85|81
18|08/01/2006|Cádiz|Getafe|0|14|24|1|7|0|0|1|0|68|70|68|72|80|76|77|73
18|08/01/2006|Celta de Vigo|Real Sociedad|0|26|21|6|5|6|1|1|0|78|75|75|73|83|74|70|74
18|08/01/2006|Alavés|Real Zaragoza|2|12|21|4|11|1|5|1|0|66|64|58|66|78|76|74|76
18|08/01/2006|Mallorca|Betis|1|16|15|4|5|4|0|0|0|76|72|72|74|82|79|78|77
18|08/01/2006|Osasuna|Racing de Santander|1|38|19|14|8|9|6|0|0|73|72|70|71|77|71|71|69
18|08/01/2006|Sevilla|Málaga|0|26|17|9|5|6|1|0|0|84|77|75|75|80|74|72|74
18|08/01/2006|Villarreal|Real Madrid|1|30|29|11|8|4|4|0|0|81|79|77|76|92|87|86|86
19|14/01/2006|Betis|Atlético de Madrid|0|16|20|6|5|5|2|0|0|82|79|78|77|82|78|73|78
19|14/01/2006|Valencia|Osasuna|0|33|39|14|14|7|5|0|0|83|83|85|81|73|72|70|71
19|15/01/2006|Barcelona|Athletic Club|0|43|15|18|8|9|4|0|0|94|85|84|81|77|72|72|66
19|15/01/2006|Deportivo de La Coruña|Alavés|2|32|12|12|1|3|1|0|1|80|81|82|81|66|64|58|66
19|15/01/2006|Getafe|Celta de Vigo|1|24|29|6|6|6|0|0|1|80|76|77|73|78|75|75|73
19|15/01/2006|Málaga|Cádiz|2|17|17|2|4|1|1|0|1|80|74|72|74|68|70|68|72
19|15/01/2006|Racing de Santander|Villarreal|0|20|31|9|11|2|7|0|0|77|71|71|69|81|79|77|76
19|15/01/2006|Real Sociedad|Espanyol|2|21|18|5|6|4|5|0|0|83|74|70|74|75|74|70|77
19|15/01/2006|Real Madrid|Sevilla|0|30|29|9|9|4|3|0|0|92|87|86|86|84|77|75|75
19|15/01/2006|Real Zaragoza|Mallorca|0|24|17|13|5|6|3|0|0|78|76|74|76|76|72|72|74
20|21/01/2006|Real Madrid|Cádiz|0|33|20|11|6|4|3|0|1|92|87|86|86|68|70|68|72
20|21/01/2006|Real Zaragoza|Atlético de Madrid|2|27|20|16|4|9|1|0|0|78|76|74|76|82|78|73|78
20|22/01/2006|Barcelona|Alavés|0|46|15|18|4|9|4|0|1|94|85|84|81|66|64|58|66
20|22/01/2006|Betis|Valencia|2|19|36|8|14|7|7|0|0|82|79|78|77|83|83|85|81
20|22/01/2006|Deportivo de La Coruña|Mallorca|1|32|17|12|5|3|0|0|0|80|81|82|81|76|72|72|74
20|22/01/2006|Getafe|Espanyol|0|25|21|4|8|4|7|0|0|80|76|77|73|75|74|70|77
20|22/01/2006|Málaga|Celta de Vigo|2|17|30|2|7|1|1|0|1|80|74|72|74|78|75|75|73
20|22/01/2006|Racing de Santander|Sevilla|2|23|29|12|6|5|0|0|0|77|71|71|69|84|77|75|75
20|22/01/2006|Real Sociedad|Athletic Club|1|21|15|4|5|3|1|0|0|83|74|70|74|77|72|72|66
20|22/01/2006|Villarreal|Osasuna|0|31|39|8|11|4|4|0|0|81|79|77|76|73|72|70|71
21|28/01/2006|Athletic Club|Getafe|0|16|28|5|7|4|0|0|0|77|72|72|66|80|76|77|73
21|28/01/2006|Atlético de Madrid|Deportivo de La Coruña|0|23|33|6|10|3|9|0|0|82|78|73|78|80|81|82|81
21|28/01/2006|Cádiz|Racing de Santander|1|20|23|6|11|3|7|1|0|68|70|68|72|77|71|71|69
21|29/01/2006|Celta de Vigo|Real Madrid|2|33|36|7|11|6|5|1|0|78|75|75|73|92|87|86|86
21|29/01/2006|Alavés|Real Sociedad|0|15|22|4|4|0|1|1|0|66|64|58|66|83|74|70|74
21|29/01/2006|Espanyol|Málaga|0|21|17|8|2|1|1|0|0|75|74|70|77|80|74|72|74
21|29/01/2006|Mallorca|Barcelona|2|18|49|3|18|2|9|0|0|76|72|72|74|94|85|84|81
21|29/01/2006|Osasuna|Betis|2|39|19|8|8|7|1|0|0|73|72|70|71|82|79|78|77
21|29/01/2006|Sevilla|Villarreal|0|32|34|9|11|6|4|0|0|84|77|75|75|81|79|77|76
21|29/01/2006|Valencia|Real Zaragoza|1|39|27|14|13|7|7|0|0|83|83|85|81|78|76|74|76
22|04/02/2006|Deportivo de La Coruña|Valencia|2|33|40|7|14|1|7|0|0|80|81|82|81|83|83|85|81
22|04/02/2006|Málaga|Athletic Club|0|17|19|2|7|1|1|0|0|80|74|72|74|77|72|72|66
22|04/02/2006|Real Madrid|Espanyol|0|39|24|11|10|6|6|0|0|92|87|86|86|75|74|70|77
22|05/02/2006|Barcelona|Atlético de Madrid|2|52|26|18|8|9|3|0|0|94|85|84|81|82|78|73|78
22|05/02/2006|Getafe|Alavés|1|28|18|7|6|7|3|0|1|80|76|77|73|66|64|58|66
22|05/02/2006|Racing de Santander|Celta de Vigo|2|24|33|9|7|4|4|0|1|77|71|71|69|78|75|75|73
22|05/02/2006|Real Sociedad|Mallorca|0|22|18|4|3|4|1|0|0|83|74|70|74|76|72|72|74
22|05/02/2006|Sevilla|Osasuna|2|35|39|12|5|9|1|0|0|84|77|75|75|73|72|70|71
22|05/02/2006|Villarreal|Cádiz|1|34|21|8|7|7|3|0|1|81|79|77|76|68|70|68|72
22|05/02/2006|Real Zaragoza|Betis|0|28|22|11|10|6|4|0|0|78|76|74|76|82|79|78|77
23|11/02/2006|Athletic Club|Real Madrid|2|19|42|4|13|6|7|0|0|77|72|72|66|92|87|86|86
23|11/02/2006|Cádiz|Sevilla|2|22|35|8|9|4|3|1|0|68|70|68|72|84|77|75|75
23|11/02/2006|Osasuna|Real Zaragoza|1|42|31|7|13|4|5|0|0|73|72|70|71|78|76|74|76
23|12/02/2006|Atlético de Madrid|Real Sociedad|0|29|25|10|7|5|0|0|0|82|78|73|78|83|74|70|74
23|12/02/2006|Betis|Deportivo de La Coruña|2|22|33|10|4|6|6|0|0|82|79|78|77|80|81|82|81
23|12/02/2006|Celta de Vigo|Villarreal|0|36|35|10|6|3|1|1|0|78|75|75|73|81|79|77|76
23|12/02/2006|Alavés|Málaga|0|19|20|7|4|3|1|1|0|66|64|58|66|80|74|72|74
23|12/02/2006|Espanyol|Racing de Santander|2|24|24|9|8|4|5|0|0|75|74|70|77|77|71|71|69
23|12/02/2006|Mallorca|Getafe|1|18|29|2|8|2|0|0|0|76|72|72|74|80|76|77|73
23|12/02/2006|Valencia|Barcelona|0|43|52|14|15|7|9|0|0|83|83|85|81|94|85|84|81
24|18/02/2006|Barcelona|Betis|0|52|22|12|7|6|4|0|0|94|85|84|81|82|79|78|77
24|18/02/2006|Real Madrid|Alavés|0|45|22|16|10|9|4|0|1|92|87|86|86|66|64|58|66
24|18/02/2006|Sevilla|Celta de Vigo|0|38|39|12|13|6|7|0|1|84|77|75|75|78|75|75|73
24|18/02/2006|Villarreal|Espanyol|0|35|24|5|6|5|3|0|0|81|79|77|76|75|74|70|77
24|19/02/2006|Cádiz|Osasuna|2|22|43|8|5|4|3|1|0|68|70|68|72|73|72|70|71
24|19/02/2006|Deportivo de La Coruña|Real Zaragoza|1|36|32|7|11|1|5|0|0|80|81|82|81|78|76|74|76
24|19/02/2006|Getafe|Atlético de Madrid|2|30|32|6|13|5|6|0|0|80|76|77|73|82|78|73|78
24|19/02/2006|Málaga|Mallorca|2|20|19|3|3|3|1|0|0|80|74|72|74|76|72|72|74
24|19/02/2006|Racing de Santander|Athletic Club|2|27|19|8|4|3|1|0|0|77|71|71|69|77|72|72|66
24|19/02/2006|Real Sociedad|Valencia|2|25|46|4|14|4|7|0|0|83|74|70|74|83|83|85|81
25|25/02/2006|Atlético de Madrid|Málaga|0|35|20|15|3|7|0|0|0|82|78|73|78|80|74|72|74
25|25/02/2006|Real Zaragoza|Barcelona|2|33|55|9|12|6|6|0|0|78|76|74|76|94|85|84|81
25|26/02/2006|Athletic Club|Villarreal|1|22|38|7|7|3|0|0|0|77|72|72|66|81|79|77|76
25|26/02/2006|Betis|Real Sociedad|0|22|25|6|4|3|0|0|0|82|79|78|77|83|74|70|74
25|26/02/2006|Celta de Vigo|Cádiz|0|39|22|10|5|6|4|1|1|78|75|75|73|68|70|68|72
25|26/02/2006|Alavés|Racing de Santander|1|22|27|10|7|6|5|1|0|66|64|58|66|77|71|71|69
25|26/02/2006|Espanyol|Sevilla|0|24|41|6|12|3|6|0|0|75|74|70|77|84|77|75|75
25|26/02/2006|Mallorca|Real Madrid|0|22|48|5|18|2|7|0|0|76|72|72|74|92|87|86|86
25|26/02/2006|Osasuna|Deportivo de La Coruña|2|46|37|7|5|2|6|0|0|73|72|70|71|80|81|82|81
25|26/02/2006|Valencia|Getafe|1|49|30|16|6|7|1|0|0|83|83|85|81|80|76|77|73
26|04/03/2006|Barcelona|Deportivo de La Coruña|0|58|40|12|8|6|6|0|0|94|85|84|81|80|81|82|81
26|04/03/2006|Cádiz|Espanyol|0|22|27|2|6|1|0|1|0|68|70|68|72|75|74|70|77
26|04/03/2006|Real Madrid|Atlético de Madrid|0|48|38|15|18|9|9|0|0|92|87|86|86|82|78|73|78
26|04/03/2006|Villarreal|Alavés|0|39|23|8|8|7|1|0|1|81|79|77|76|66|64|58|66
26|05/03/2006|Celta de Vigo|Osasuna|0|42|46|12|7|6|6|1|0|78|75|75|73|73|72|70|71
26|05/03/2006|Getafe|Betis|0|31|25|6|6|4|3|0|0|80|76|77|73|82|79|78|77
26|05/03/2006|Málaga|Valencia|1|20|50|3|14|3|9|0|0|80|74|72|74|83|83|85|81
26|05/03/2006|Racing de Santander|Mallorca|1|28|25|5|8|0|4|0|0|77|71|71|69|76|72|72|74
26|05/03/2006|Real Sociedad|Real Zaragoza|2|25|33|4|6|4|3|0|0|83|74|70|74|78|76|74|76
26|05/03/2006|Sevilla|Athletic Club|0|41|23|12|8|6|4|0|0|84|77|75|75|77|72|72|66
27|11/03/2006|Deportivo de La Coruña|Real Sociedad|2|40|25|7|3|2|0|0|0|80|81|82|81|83|74|70|74
27|11/03/2006|Espanyol|Celta de Vigo|0|27|45|6|12|6|6|0|1|75|74|70|77|78|75|75|73
27|11/03/2006|Valencia|Real Madrid|1|51|51|12|15|5|6|0|0|83|83|85|81|92|87|86|86
27|12/03/2006|Athletic Club|Cádiz|0|23|25|7|5|4|1|0|1|77|72|72|66|68|70|68|72
27|12/03/2006|Atlético de Madrid|Racing de Santander|0|38|29|15|6|9|5|0|0|82|78|73|78|77|71|71|69
27|12/03/2006|Betis|Málaga|1|25|21|6|4|3|0|0|0|82|79|78|77|80|74|72|74
27|12/03/2006|Alavés|Sevilla|0|23|44|8|12|7|6|1|0|66|64|58|66|84|77|75|75
27|12/03/2006|Mallorca|Villarreal|1|26|42|8|8|4|1|0|0|76|72|72|74|81|79|77|76
27|12/03/2006|Osasuna|Barcelona|0|46|61|7|12|1|6|0|0|73|72|70|71|94|85|84|81
27|12/03/2006|Real Zaragoza|Getafe|2|36|34|9|6|3|2|0|0|78|76|74|76|80|76|77|73
28|18/03/2006|Getafe|Deportivo de La Coruña|2|37|40|9|7|4|6|0|0|80|76|77|73|80|81|82|81
28|18/03/2006|Real Sociedad|Barcelona|2|28|61|6|9|3|3|0|0|83|74|70|74|94|85|84|81
28|18/03/2006|Villarreal|Atlético de Madrid|1|43|41|9|15|7|6|0|0|81|79|77|76|82|78|73|78
28|19/03/2006|Cádiz|Alavés|1|25|26|4|8|3|1|1|1|68|70|68|72|66|64|58|66
28|19/03/2006|Celta de Vigo|Athletic Club|2|45|26|12|7|9|3|1|0|78|75|75|73|77|72|72|66
28|19/03/2006|Espanyol|Osasuna|2|30|49|6|10|6|6|0|0|75|74|70|77|73|72|70|71
28|19/03/2006|Málaga|Real Zaragoza|2|22|36|5|8|4|5|0|0|80|74|72|74|78|76|74|76
28|19/03/2006|Racing de Santander|Valencia|0|29|52|5|12|1|7|0|0|77|71|71|69|83|83|85|81
28|19/03/2006|Real Madrid|Betis|1|52|26|13|4|9|0|0|0|92|87|86|86|82|79|78|77
28|19/03/2006|Sevilla|Mallorca|1|44|27|9|9|6|4|0|0|84|77|75|75|76|72|72|74
29|21/03/2006|Barcelona|Getafe|0|64|37|12|8|6|5|0|0|94|85|84|81|80|76|77|73
29|22/03/2006|Athletic Club|Espanyol|1|29|30|10|6|4|0|0|0|77|72|72|66|75|74|70|77
29|22/03/2006|Betis|Racing de Santander|0|27|32|5|8|4|4|0|0|82|79|78|77|77|71|71|69
29|22/03/2006|Alavés|Celta de Vigo|0|27|45|8|9|7|3|1|1|66|64|58|66|78|75|75|73
29|22/03/2006|Deportivo de La Coruña|Málaga|0|43|22|10|2|1|1|0|0|80|81|82|81|80|74|72|74
29|22/03/2006|Mallorca|Cádiz|0|28|26|10|4|5|1|0|1|76|72|72|74|68|70|68|72
29|22/03/2006|Osasuna|Real Sociedad|0|52|28|10|3|4|3|0|0|73|72|70|71|83|74|70|74
29|22/03/2006|Valencia|Villarreal|1|52|44|9|9|5|2|0|0|83|83|85|81|81|79|77|76
29|22/03/2006|Real Zaragoza|Real Madrid|1|39|53|8|11|3|4|0|0|78|76|74|76|92|87|86|86
29|23/03/2006|Atlético de Madrid|Sevilla|2|42|45|13|10|9|3|0|0|82|78|73|78|84|77|75|75
30|25/03/2006|Athletic Club|Osasuna|0|30|55|11|12|5|6|0|0|77|72|72|66|73|72|70|71
30|25/03/2006|Málaga|Barcelona|1|22|67|2|15|1|6|0|0|80|74|72|74|94|85|84|81
30|25/03/2006|Villarreal|Betis|2|45|30|10|8|7|1|0|0|81|79|77|76|82|79|78|77
30|26/03/2006|Cádiz|Atlético de Madrid|1|26|42|4|10|4|4|1|0|68|70|68|72|82|78|73|78
30|26/03/2006|Celta de Vigo|Mallorca|0|45|31|6|12|6|5|1|0|78|75|75|73|76|72|72|74
30|26/03/2006|Espanyol|Alavés|1|31|30|7|8|6|1|0|1|75|74|70|77|66|64|58|66
30|26/03/2006|Getafe|Real Sociedad|0|37|28|7|3|3|3|0|0|80|76|77|73|83|74|70|74
30|26/03/2006|Racing de Santander|Real Zaragoza|1|32|40|5|8|4|7|0|0|77|71|71|69|78|76|74|76
30|26/03/2006|Real Madrid|Deportivo de La Coruña|0|54|46|9|10|7|6|0|0|92|87|86|86|80|81|82|81
30|26/03/2006|Sevilla|Valencia|0|48|53|10|7|7|4|0|0|84|77|75|75|83|83|85|81
31|01/04/2006|Barcelona|Real Madrid|1|68|57|13|9|9|2|0|0|94|85|84|81|92|87|86|86
31|01/04/2006|Real Sociedad|Málaga|0|28|23|3|3|0|1|0|0|83|74|70|74|80|74|72|74
31|01/04/2006|Real Zaragoza|Villarreal|2|41|45|8|7|1|3|0|0|78|76|74|76|81|79|77|76
31|02/04/2006|Atlético de Madrid|Celta de Vigo|2|43|48|8|9|6|0|0|1|82|78|73|78|78|75|75|73
31|02/04/2006|Betis|Sevilla|0|33|51|11|10|7|3|0|0|82|79|78|77|84|77|75|75
31|02/04/2006|Alavés|Athletic Club|1|31|33|9|11|7|6|1|0|66|64|58|66|77|72|72|66
31|02/04/2006|Deportivo de La Coruña|Racing de Santander|0|46|33|9|6|4|1|0|0|80|81|82|81|77|71|71|69
31|02/04/2006|Mallorca|Espanyol|1|31|32|9|8|7|1|0|0|76|72|72|74|75|74|70|77
31|02/04/2006|Osasuna|Getafe|2|55|40|9|10|6|4|0|0|73|72|70|71|80|76|77|73
31|02/04/2006|Valencia|Cádiz|0|53|27|4|5|3|0|0|1|83|83|85|81|68|70|68|72
32|08/04/2006|Cádiz|Betis|1|27|36|5|11|5|4|1|0|68|70|68|72|82|79|78|77
32|08/04/2006|Celta de Vigo|Valencia|2|51|56|9|6|6|1|1|0|78|75|75|73|83|83|85|81
32|08/04/2006|Málaga|Getafe|2|23|43|3|12|2|6|0|0|80|74|72|74|80|76|77|73
32|08/04/2006|Real Madrid|Real Sociedad|1|58|31|10|6|7|3|0|0|92|87|86|86|83|74|70|74
32|09/04/2006|Athletic Club|Mallorca|1|34|32|11|7|7|2|0|0|77|72|72|66|76|72|72|74
32|09/04/2006|Alavés|Osasuna|2|32|55|9|9|7|3|1|0|66|64|58|66|73|72|70|71
32|09/04/2006|Espanyol|Atlético de Madrid|1|33|43|6|5|4|2|0|0|75|74|70|77|82|78|73|78
32|09/04/2006|Racing de Santander|Barcelona|1|33|69|5|11|5|4|0|0|77|71|71|69|94|85|84|81
32|09/04/2006|Sevilla|Real Zaragoza|1|51|41|10|8|7|7|0|0|84|77|75|75|78|76|74|76
32|09/04/2006|Villarreal|Deportivo de La Coruña|1|48|49|9|9|4|3|0|0|81|79|77|76|80|81|82|81
33|14/04/2006|Barcelona|Villarreal|0|70|49|9|7|7|5|0|0|94|85|84|81|81|79|77|76
33|15/04/2006|Deportivo de La Coruña|Sevilla|1|50|52|10|8|6|3|0|0|80|81|82|81|84|77|75|75
33|15/04/2006|Mallorca|Alavés|1|33|32|7|9|5|2|0|1|76|72|72|74|66|64|58|66
33|15/04/2006|Real Sociedad|Racing de Santander|0|32|34|7|5|3|0|0|0|83|74|70|74|77|71|71|69
33|16/04/2006|Atlético de Madrid|Athletic Club|0|44|35|6|12|3|4|0|0|82|78|73|78|77|72|72|66
33|16/04/2006|Betis|Celta de Vigo|2|37|51|12|6|7|3|0|1|82|79|78|77|78|75|75|73
33|16/04/2006|Getafe|Real Madrid|1|46|59|12|8|6|3|0|0|80|76|77|73|92|87|86|86
33|16/04/2006|Osasuna|Málaga|1|58|23|12|2|6|1|0|0|73|72|70|71|80|74|72|74
33|16/04/2006|Valencia|Espanyol|0|59|34|8|7|5|2|0|0|83|83|85|81|75|74|70|77
33|16/04/2006|Real Zaragoza|Cádiz|2|42|28|6|3|1|0|0|1|78|76|74|76|68|70|68|72
34|22/04/2006|Celta de Vigo|Real Zaragoza|0|54|42|9|6|3|5|1|0|78|75|75|73|78|76|74|76
34|22/04/2006|Alavés|Atlético de Madrid|2|33|47|7|6|4|3|1|0|66|64|58|66|82|78|73|78
34|22/04/2006|Villarreal|Real Sociedad|2|49|35|6|7|2|1|0|0|81|79|77|76|83|74|70|74
34|23/04/2006|Athletic Club|Valencia|2|35|62|9|10|5|3|0|0|77|72|72|66|83|83|85|81
34|23/04/2006|Cádiz|Deportivo de La Coruña|1|31|51|6|11|3|4|1|0|68|70|68|72|80|81|82|81
34|23/04/2006|Espanyol|Betis|0|34|37|4|11|2|5|0|0|75|74|70|77|82|79|78|77
34|23/04/2006|Mallorca|Osasuna|2|34|59|7|10|5|6|0|0|76|72|72|74|73|72|70|71
34|23/04/2006|Racing de Santander|Getafe|2|34|47|5|10|5|6|0|0|77|71|71|69|80|76|77|73
34|23/04/2006|Real Madrid|Málaga|0|60|24|8|2|5|1|0|0|92|87|86|86|80|74|72|74
34|13/05/2006|Sevilla|Barcelona|0|53|73|9|12|5|5|0|0|84|77|75|75|94|85|84|81
35|29/04/2006|Barcelona|Cádiz|0|73|32|9|6|7|3|0|1|94|85|84|81|68|70|68|72
35|29/04/2006|Betis|Athletic Club|1|37|35|10|6|6|4|0|0|82|79|78|77|77|72|72|66
35|29/04/2006|Deportivo de La Coruña|Celta de Vigo|2|52|57|9|12|7|6|0|1|80|81|82|81|78|75|75|73
35|30/04/2006|Atlético de Madrid|Mallorca|2|50|34|8|6|3|2|0|0|82|78|73|78|76|72|72|74
35|30/04/2006|Getafe|Villarreal|1|50|49|13|5|4|4|0|0|80|76|77|73|81|79|77|76
35|30/04/2006|Málaga|Racing de Santander|2|24|34|2|2|1|0|0|0|80|74|72|74|77|71|71|69
35|30/04/2006|Osasuna|Real Madrid|2|62|63|10|10|4|3|0|0|73|72|70|71|92|87|86|86
35|30/04/2006|Real Sociedad|Sevilla|2|38|56|10|11|6|4|0|0|83|74|70|74|84|77|75|75
35|30/04/2006|Valencia|Alavés|0|65|33|13|6|7|3|0|1|83|83|85|81|66|64|58|66
35|30/04/2006|Real Zaragoza|Espanyol|1|42|37|3|7|1|2|0|0|78|76|74|76|75|74|70|77
36|03/05/2006|Athletic Club|Real Zaragoza|0|36|43|6|3|4|2|0|0|77|72|72|66|78|76|74|76
36|03/05/2006|Atlético de Madrid|Osasuna|2|50|62|8|7|3|6|0|0|82|78|73|78|73|72|70|71
36|03/05/2006|Cádiz|Real Sociedad|1|32|38|6|10|3|4|1|0|68|70|68|72|83|74|70|74
36|03/05/2006|Celta de Vigo|Barcelona|2|60|76|15|9|6|2|1|0|78|75|75|73|94|85|84|81
36|03/05/2006|Alavés|Betis|0|33|38|3|8|1|4|1|0|66|64|58|66|82|79|78|77
36|03/05/2006|Espanyol|Deportivo de La Coruña|2|38|52|7|6|5|2|0|0|75|74|70|77|80|81|82|81
36|03/05/2006|Mallorca|Valencia|0|37|68|6|15|2|6|0|0|76|72|72|74|83|83|85|81
36|03/05/2006|Sevilla|Getafe|0|59|51|11|14|7|9|0|0|84|77|75|75|80|76|77|73
36|03/05/2006|Villarreal|Málaga|0|50|24|5|2|1|1|0|0|81|79|77|76|80|74|72|74
36|04/05/2006|Racing de Santander|Real Madrid|2|37|66|5|12|2|5|0|0|77|71|71|69|92|87|86|86
37|06/05/2006|Barcelona|Espanyol|0|79|38|11|6|7|2|0|0|94|85|84|81|75|74|70|77
37|06/05/2006|Málaga|Sevilla|2|24|62|1|11|1|4|0|0|80|74|72|74|84|77|75|75
37|06/05/2006|Valencia|Atlético de Madrid|1|68|50|15|7|9|5|0|0|83|83|85|81|82|78|73|78
37|07/05/2006|Betis|Mallorca|0|38|40|5|9|4|4|0|0|82|79|78|77|76|72|72|74
37|07/05/2006|Deportivo de La Coruña|Athletic Club|2|55|39|9|6|4|2|0|0|80|81|82|81|77|72|72|66
37|07/05/2006|Getafe|Cádiz|0|51|33|11|6|5|3|0|1|80|76|77|73|68|70|68|72
37|07/05/2006|Racing de Santander|Osasuna|0|37|65|4|10|1|9|0|0|77|71|71|69|73|72|70|71
37|07/05/2006|Real Sociedad|Celta de Vigo|1|39|60|11|12|6|9|0|1|83|74|70|74|78|75|75|73
37|07/05/2006|Real Madrid|Villarreal|1|69|53|12|8|7|4|0|0|92|87|86|86|81|79|77|76
37|07/05/2006|Real Zaragoza|Alavés|0|43|36|2|5|1|2|0|1|78|76|74|76|66|64|58|66
38|13/05/2006|Atlético de Madrid|Betis|1|51|41|8|5|3|1|0|0|82|78|73|78|82|79|78|77
38|13/05/2006|Cádiz|Málaga|0|33|24|6|1|3|1|1|0|68|70|68|72|80|74|72|74
38|12/05/2006|Celta de Vigo|Getafe|0|61|54|10|11|3|6|1|0|78|75|75|73|80|76|77|73
38|13/05/2006|Alavés|Deportivo de La Coruña|0|36|55|4|6|3|5|1|0|66|64|58|66|80|81|82|81
38|13/05/2006|Espanyol|Real Sociedad|0|38|40|5|9|4|5|0|0|75|74|70|77|83|74|70|74
38|13/05/2006|Mallorca|Real Zaragoza|0|40|46|8|5|4|1|0|0|76|72|72|74|78|76|74|76
38|13/05/2006|Villarreal|Racing de Santander|0|54|40|6|7|4|3|0|0|81|79|77|76|77|71|71|69
38|16/05/2006|Osasuna|Valencia|0|65|69|10|13|1|6|0|0|73|72|70|71|83|83|85|81
38|16/05/2006|Sevilla|Real Madrid|0|65|70|14|12|7|7|0|0|84|77|75|75|92|87|86|86
38|20/05/2006|Athletic Club|Barcelona|0|42|82|8|13|4|4|0|0|77|72|72|66|94|85|84|81
