1|17/08/2013|Real Sociedad|Getafe|0|0|0|0|0|0|0|0|0|77|78|75|77|74|74|74|73
1|17/08/2013|Valladolid|Athletic Club|2|0|0|0|0|0|0|0|0|73|73|73|72|76|78|77|75
1|17/08/2013|Valencia|Málaga|0|0|0|0|0|0|0|0|0|78|79|77|78|75|75|70|76
1|18/08/2013|Barcelona|Levante|0|0|0|0|0|0|0|0|0|84|85|86|83|73|73|73|73
1|18/08/2013|Real Madrid|Betis|0|0|0|0|0|0|0|0|0|84|85|83|82|74|75|75|74
1|18/08/2013|Osasuna|Granada|2|0|0|0|0|0|0|0|0|72|71|72|72|72|73|72|70
1|18/08/2013|Sevilla|Atlético de Madrid|2|0|0|0|0|0|0|0|0|76|75|76|74|80|81|80|80
1|19/08/2013|Rayo Vallecano|Elche|0|0|0|0|0|0|0|0|1|73|73|72|73|73|74|72|72
1|19/08/2013|Celta de Vigo|Espanyol|1|0|0|0|0|0|0|0|0|72|74|71|68|73|73|72|73
1|19/08/2013|Almería|Villarreal|2|0|0|0|0|0|0|1|1|71|71|71|70|73|72|74|71
2|23/08/2013|Getafe|Almería|1|0|0|0|0|0|0|0|1|74|74|74|73|71|71|71|70
2|23/08/2013|Athletic Club|Osasuna|0|3|0|3|0|0|0|0|0|76|78|77|75|72|71|72|72
2|24/08/2013|Elche|Real Sociedad|1|0|3|0|3|0|0|1|0|73|74|72|72|77|78|75|77
2|24/08/2013|Espanyol|Valencia|0|1|3|1|3|0|0|0|0|73|73|72|73|78|79|77|78
2|24/08/2013|Villarreal|Valladolid|0|3|0|3|0|0|0|1|0|73|72|74|71|73|73|73|72
2|25/08/2013|Atlético de Madrid|Rayo Vallecano|0|3|3|3|3|0|0|0|0|80|81|80|80|73|73|72|73
2|25/08/2013|Levante|Sevilla|1|0|0|0|0|0|0|0|0|73|73|73|73|76|75|76|74
2|25/08/2013|Málaga|Barcelona|2|0|3|0|3|0|0|0|0|75|75|70|76|84|85|86|83
2|25/08/2013|Betis|Celta de Vigo|2|0|1|0|1|0|0|0|0|74|75|75|74|72|74|71|68
2|26/08/2013|Granada|Real Madrid|2|3|3|3|3|0|0|0|0|72|73|72|70|84|85|83|82
3|30/08/2013|Almería|Elche|1|1|1|1|1|0|0|1|1|71|71|71|70|73|74|72|72
3|30/08/2013|Rayo Vallecano|Levante|2|3|1|3|1|3|0|0|0|73|73|72|73|73|73|73|73
3|31/08/2013|Celta de Vigo|Granada|1|4|3|4|3|1|3|0|0|72|74|71|68|72|73|72|70
3|31/08/2013|Valladolid|Getafe|0|0|1|0|1|0|0|0|0|73|73|73|72|74|74|74|73
3|31/08/2013|Osasuna|Villarreal|2|0|6|0|6|0|3|0|1|72|71|72|72|73|72|74|71
3|01/09/2013|Real Madrid|Athletic Club|0|6|6|6|6|3|3|0|0|84|85|83|82|76|78|77|75
3|01/09/2013|Espanyol|Betis|1|4|0|4|0|3|0|0|0|73|73|72|73|74|75|75|74
3|01/09/2013|Real Sociedad|Atlético de Madrid|2|4|6|4|6|3|3|0|0|77|78|75|77|80|81|80|80
3|01/09/2013|Sevilla|Málaga|1|1|0|1|0|0|0|0|0|76|75|76|74|75|75|70|76
3|01/09/2013|Valencia|Barcelona|2|3|6|3|6|3|3|0|0|78|79|77|78|84|85|86|83
4|14/09/2013|Atlético de Madrid|Almería|0|9|2|9|2|3|1|0|1|80|81|80|80|71|71|71|70
4|14/09/2013|Levante|Real Sociedad|1|4|4|4|4|1|1|0|0|73|73|73|73|77|78|75|77
4|14/09/2013|Barcelona|Sevilla|0|9|2|9|2|3|1|0|0|84|85|86|83|76|75|76|74
4|14/09/2013|Villarreal|Real Madrid|1|9|9|9|9|3|3|1|0|73|72|74|71|84|85|83|82
4|15/09/2013|Granada|Espanyol|2|4|5|4|5|0|1|0|0|72|73|72|70|73|73|72|73
4|15/09/2013|Getafe|Osasuna|0|1|0|1|0|1|0|0|0|74|74|74|73|72|71|72|72
4|15/09/2013|Málaga|Rayo Vallecano|0|1|3|1|3|0|0|0|0|75|75|70|76|73|73|72|73
4|15/09/2013|Betis|Valencia|0|1|3|1|3|0|0|0|0|74|75|75|74|78|79|77|78
4|16/09/2013|Elche|Valladolid|1|2|3|2|3|1|0|1|0|73|74|72|72|73|73|73|72
4|16/09/2013|Athletic Club|Celta de Vigo|0|6|5|6|5|3|3|0|0|76|78|77|75|72|74|71|68
5|20/09/2013|Osasuna|Elche|0|0|3|0|3|0|1|0|1|72|71|72|72|73|74|72|72
5|21/09/2013|Real Sociedad|Málaga|1|5|4|5|4|3|1|0|0|77|78|75|77|75|75|70|76
5|21/09/2013|Almería|Levante|1|2|5|2|5|1|3|1|0|71|71|71|70|73|73|73|73
5|21/09/2013|Rayo Vallecano|Barcelona|2|3|12|3|12|3|6|0|0|73|73|72|73|84|85|86|83
5|21/09/2013|Valladolid|Atlético de Madrid|2|4|12|4|12|3|6|0|0|73|73|73|72|80|81|80|80
5|22/09/2013|Betis|Granada|1|4|4|4|4|3|4|0|0|74|75|75|74|72|73|72|70
5|22/09/2013|Celta de Vigo|Villarreal|1|5|10|5|10|2|6|0|1|72|74|71|68|73|72|74|71
5|22/09/2013|Real Madrid|Getafe|0|10|4|10|4|6|0|0|0|84|85|83|82|74|74|74|73
5|22/09/2013|Valencia|Sevilla|0|3|2|3|2|3|1|0|0|78|79|77|78|76|75|76|74
5|23/09/2013|Espanyol|Athletic Club|0|8|9|8|9|4|3|0|0|73|73|72|73|76|78|77|75
6|24/09/2013|Levante|Valladolid|1|6|4|6|4|2|1|0|0|73|73|73|73|73|73|73|72
6|24/09/2013|Barcelona|Real Sociedad|0|15|6|15|6|6|2|0|0|84|85|86|83|77|78|75|77
6|24/09/2013|Atlético de Madrid|Osasuna|0|15|3|15|3|6|0|0|0|80|81|80|80|72|71|72|72
6|24/09/2013|Málaga|Almería|0|5|3|5|3|3|1|0|1|75|75|70|76|71|71|71|70
6|25/09/2013|Granada|Valencia|2|5|6|5|6|0|0|0|0|72|73|72|70|78|79|77|78
6|25/09/2013|Sevilla|Rayo Vallecano|0|2|3|2|3|1|0|0|0|76|75|76|74|73|73|72|73
6|25/09/2013|Elche|Real Madrid|2|3|13|3|13|2|4|1|0|73|74|72|72|84|85|83|82
6|26/09/2013|Athletic Club|Betis|0|9|5|9|5|6|1|0|0|76|78|77|75|74|75|75|74
6|26/09/2013|Villarreal|Espanyol|0|11|11|11|11|4|4|1|0|73|72|74|71|73|73|72|73
6|26/09/2013|Getafe|Celta de Vigo|0|4|6|4|6|4|3|0|0|74|74|74|73|72|74|71|68
7|27/09/2013|Valladolid|Málaga|1|5|8|5|8|3|2|0|0|73|73|73|72|75|75|70|76
7|28/09/2013|Valencia|Rayo Vallecano|0|9|3|9|3|6|0|0|0|78|79|77|78|73|73|72|73
7|28/09/2013|Almería|Barcelona|2|3|18|3|18|2|9|1|0|71|71|71|70|84|85|86|83
7|28/09/2013|Real Sociedad|Sevilla|1|6|5|6|5|4|1|0|0|77|78|75|77|76|75|76|74
7|28/09/2013|Real Madrid|Atlético de Madrid|2|16|18|16|18|9|9|0|0|84|85|83|82|80|81|80|80
7|29/09/2013|Osasuna|Levante|2|3|7|3|7|3|4|0|0|72|71|72|72|73|73|73|73
7|29/09/2013|Celta de Vigo|Elche|2|6|3|6|3|3|1|0|1|72|74|71|68|73|74|72|72
7|29/09/2013|Espanyol|Getafe|2|11|7|11|7|7|0|0|0|73|73|72|73|74|74|74|73
7|29/09/2013|Betis|Villarreal|0|5|14|5|14|4|7|0|1|74|75|75|74|73|72|74|71
7|30/09/2013|Granada|Athletic Club|0|5|12|5|12|0|3|0|0|72|73|72|70|76|78|77|75
8|04/10/2013|Villarreal|Granada|0|14|8|11|5|7|5|1|0|73|72|74|71|72|73|72|70
8|04/10/2013|Málaga|Osasuna|2|9|3|9|3|6|0|0|0|75|75|70|76|72|71|72|72
8|05/10/2013|Elche|Espanyol|0|6|11|6|10|2|4|1|0|73|74|72|72|73|73|72|73
8|05/10/2013|Rayo Vallecano|Real Sociedad|0|3|7|0|4|3|2|0|0|73|73|72|73|77|78|75|77
8|05/10/2013|Levante|Real Madrid|2|10|16|10|13|3|7|0|0|73|73|73|73|84|85|83|82
8|05/10/2013|Barcelona|Valladolid|0|21|6|18|6|9|2|0|0|84|85|86|83|73|73|73|72
8|06/10/2013|Atlético de Madrid|Celta de Vigo|0|21|6|18|5|9|3|0|0|80|81|80|80|72|74|71|68
8|06/10/2013|Sevilla|Almería|0|6|3|6|3|4|1|0|1|76|75|76|74|71|71|71|70
8|06/10/2013|Getafe|Betis|0|10|8|10|8|7|1|0|0|74|74|74|73|74|75|75|74
8|06/10/2013|Athletic Club|Valencia|1|12|12|9|9|9|3|0|0|76|78|77|75|78|79|77|78
9|19/10/2013|Real Madrid|Málaga|0|19|9|13|9|6|3|0|0|84|85|83|82|75|75|70|76
9|19/10/2013|Valencia|Real Sociedad|2|13|7|10|3|6|1|0|0|78|79|77|78|77|78|75|77
9|19/10/2013|Osasuna|Barcelona|1|6|24|6|18|3|9|0|0|72|71|72|72|84|85|86|83
9|19/10/2013|Espanyol|Atlético de Madrid|0|11|24|7|18|4|9|0|0|73|73|72|73|80|81|80|80
9|20/10/2013|Granada|Getafe|2|8|13|5|12|3|3|0|0|72|73|72|70|74|74|74|73
9|20/10/2013|Almería|Rayo Vallecano|2|3|6|2|3|2|0|1|0|71|71|71|70|73|73|72|73
9|20/10/2013|Betis|Elche|2|8|9|8|8|7|4|0|1|74|75|75|74|73|74|72|72
9|20/10/2013|Valladolid|Sevilla|1|6|9|6|8|4|1|0|0|73|73|73|72|76|75|76|74
9|21/10/2013|Celta de Vigo|Levante|2|6|10|2|9|2|7|0|0|72|74|71|68|73|73|73|73
9|21/10/2013|Athletic Club|Villarreal|0|13|17|7|11|7|4|0|1|76|78|77|75|73|72|74|71
10|25/10/2013|Rayo Vallecano|Valladolid|2|9|7|6|4|3|2|0|0|73|73|72|73|73|73|73|72
10|26/10/2013|Málaga|Celta de Vigo|2|9|6|8|1|6|0|0|0|75|75|70|76|72|74|71|68
10|26/10/2013|Barcelona|Real Madrid|0|25|22|16|13|9|7|0|0|84|85|86|83|84|85|83|82
10|26/10/2013|Elche|Granada|2|12|8|10|4|4|2|1|0|73|74|72|72|72|73|72|70
10|26/10/2013|Levante|Espanyol|0|13|14|9|9|2|3|0|0|73|73|73|73|73|73|72|73
10|27/10/2013|Sevilla|Osasuna|0|10|7|8|7|7|3|0|0|76|75|76|74|72|71|72|72
10|27/10/2013|Villarreal|Valencia|0|17|13|8|10|7|4|1|0|73|72|74|71|78|79|77|78
10|27/10/2013|Real Sociedad|Almería|0|10|3|6|1|2|0|0|1|77|78|75|77|71|71|71|70
10|27/10/2013|Atlético de Madrid|Betis|0|24|8|15|7|9|1|0|0|80|81|80|80|74|75|75|74
10|28/10/2013|Getafe|Athletic Club|2|16|16|15|10|9|0|0|0|74|74|74|73|76|78|77|75
11|29/10/2013|Espanyol|Málaga|1|14|9|6|5|6|2|0|0|73|73|72|73|75|75|70|76
11|29/10/2013|Celta de Vigo|Barcelona|2|9|28|4|16|1|7|0|0|72|74|71|68|84|85|86|83
11|30/10/2013|Valladolid|Real Sociedad|1|10|13|6|8|2|3|0|0|73|73|73|72|77|78|75|77
11|30/10/2013|Valencia|Almería|2|13|3|10|1|6|0|0|1|78|79|77|78|71|71|71|70
11|30/10/2013|Real Madrid|Sevilla|0|22|13|12|11|6|2|0|0|84|85|83|82|76|75|76|74
11|30/10/2013|Osasuna|Rayo Vallecano|0|7|9|7|6|4|3|0|0|72|71|72|72|73|73|72|73
11|31/10/2013|Villarreal|Getafe|2|20|16|10|12|9|6|1|0|73|72|74|71|74|74|74|73
11|31/10/2013|Granada|Atlético de Madrid|2|11|27|7|15|3|6|0|0|72|73|72|70|80|81|80|80
11|31/10/2013|Athletic Club|Elche|1|19|12|10|9|7|6|0|1|76|78|77|75|73|74|72|72
11|31/10/2013|Betis|Levante|1|8|16|4|11|4|7|0|0|74|75|75|74|73|73|73|73
12|01/11/2013|Barcelona|Espanyol|0|31|15|16|4|9|0|0|0|84|85|86|83|73|73|72|73
12|02/11/2013|Real Sociedad|Osasuna|0|14|10|8|7|5|3|0|0|77|78|75|77|72|71|72|72
12|02/11/2013|Almería|Valladolid|0|6|11|3|7|1|4|1|0|71|71|71|70|73|73|73|72
12|02/11/2013|Rayo Vallecano|Real Madrid|2|9|25|6|12|3|6|0|0|73|73|72|73|84|85|83|82
12|02/11/2013|Sevilla|Celta de Vigo|2|13|9|11|3|9|3|0|0|76|75|76|74|72|74|71|68
12|03/11/2013|Getafe|Valencia|2|19|13|15|7|6|4|0|0|74|74|74|73|78|79|77|78
12|03/11/2013|Atlético de Madrid|Athletic Club|0|30|20|15|11|9|3|0|0|80|81|80|80|76|78|77|75
12|03/11/2013|Levante|Granada|2|17|11|11|6|4|4|0|0|73|73|73|73|72|73|72|70
12|03/11/2013|Málaga|Betis|0|10|9|5|4|3|0|0|0|75|75|70|76|74|75|75|74
12|04/11/2013|Elche|Villarreal|2|13|20|10|9|3|1|1|1|73|74|72|72|73|72|74|71
13|08/11/2013|Osasuna|Almería|2|10|9|7|6|4|3|0|1|72|71|72|72|71|71|71|70
13|08/11/2013|Granada|Málaga|0|14|13|9|5|3|2|0|0|72|73|72|70|75|75|70|76
13|09/11/2013|Real Madrid|Real Sociedad|0|28|17|12|11|6|4|0|0|84|85|83|82|77|78|75|77
13|09/11/2013|Getafe|Elche|1|19|13|12|10|3|7|0|1|74|74|74|73|73|74|72|72
13|09/11/2013|Athletic Club|Levante|0|20|17|8|10|5|7|0|0|76|78|77|75|73|73|73|73
13|09/11/2013|Celta de Vigo|Rayo Vallecano|2|12|9|6|6|0|3|0|0|72|74|71|68|73|73|72|73
13|10/11/2013|Espanyol|Sevilla|2|15|13|4|8|4|2|0|0|73|73|72|73|76|75|76|74
13|10/11/2013|Valencia|Valladolid|1|16|11|7|6|3|3|0|0|78|79|77|78|73|73|73|72
13|10/11/2013|Villarreal|Atlético de Madrid|1|23|33|9|15|6|6|1|0|73|72|74|71|80|81|80|80
13|10/11/2013|Betis|Barcelona|2|9|34|4|16|4|7|0|0|74|75|75|74|84|85|86|83
14|22/11/2013|Valladolid|Osasuna|2|12|10|6|7|3|3|0|0|73|73|73|72|72|71|72|72
14|23/11/2013|Barcelona|Granada|0|37|17|16|9|9|6|0|0|84|85|86|83|72|73|72|70
14|23/11/2013|Real Sociedad|Celta de Vigo|0|17|12|10|6|7|6|0|0|77|78|75|77|72|74|71|68
14|23/11/2013|Almería|Real Madrid|2|12|31|9|15|3|6|1|0|71|71|71|70|84|85|83|82
14|23/11/2013|Atlético de Madrid|Getafe|0|34|20|13|10|9|9|0|0|80|81|80|80|74|74|74|73
14|24/11/2013|Levante|Villarreal|2|17|24|7|10|3|3|0|1|73|73|73|73|73|72|74|71
14|24/11/2013|Rayo Vallecano|Espanyol|2|12|15|9|4|3|0|0|0|73|73|72|73|73|73|72|73
14|24/11/2013|Elche|Valencia|0|14|17|8|5|3|4|1|0|73|74|72|72|78|79|77|78
14|24/11/2013|Sevilla|Betis|0|16|9|10|1|6|0|0|0|76|75|76|74|74|75|75|74
14|25/11/2013|Málaga|Athletic Club|2|13|23|4|11|3|3|0|0|75|75|70|76|76|78|77|75
15|29/11/2013|Getafe|Levante|0|20|17|7|7|1|4|0|0|74|74|74|73|73|73|73|73
15|29/11/2013|Villarreal|Málaga|1|27|13|10|4|4|1|1|0|73|72|74|71|75|75|70|76
15|30/11/2013|Elche|Atlético de Madrid|2|17|37|8|13|3|4|1|0|73|74|72|72|80|81|80|80
15|30/11/2013|Celta de Vigo|Almería|0|12|12|6|9|0|6|0|1|72|74|71|68|71|71|71|70
15|30/11/2013|Real Madrid|Valladolid|0|34|12|15|6|9|4|0|0|84|85|83|82|73|73|73|72
15|30/11/2013|Espanyol|Real Sociedad|2|18|20|7|13|4|4|0|0|73|73|72|73|77|78|75|77
15|01/12/2013|Betis|Rayo Vallecano|1|9|12|1|6|1|6|0|0|74|75|75|74|73|73|72|73
15|01/12/2013|Granada|Sevilla|2|17|19|9|10|3|4|0|0|72|73|72|70|76|75|76|74
15|01/12/2013|Valencia|Osasuna|0|17|13|4|7|1|3|0|0|78|79|77|78|72|71|72|72
15|01/12/2013|Athletic Club|Barcelona|0|26|40|13|16|7|7|0|0|76|78|77|75|84|85|86|83
16|13/12/2013|Levante|Elche|0|17|17|4|5|3|5|0|1|73|73|73|73|73|74|72|72
16|14/12/2013|Osasuna|Real Madrid|1|13|37|6|15|4|6|0|0|72|71|72|72|84|85|83|82
16|14/12/2013|Rayo Vallecano|Granada|2|13|17|4|9|0|6|0|0|73|73|72|73|72|73|72|70
16|14/12/2013|Barcelona|Villarreal|0|40|28|15|11|9|6|0|1|84|85|86|83|73|72|74|71
16|14/12/2013|Málaga|Getafe|0|14|23|5|7|3|6|0|0|75|75|70|76|74|74|74|73
16|15/12/2013|Almería|Espanyol|1|12|18|9|4|3|3|1|0|71|71|71|70|73|73|72|73
16|15/12/2013|Real Sociedad|Betis|0|23|10|13|2|9|0|0|0|77|78|75|77|74|75|75|74
16|15/12/2013|Sevilla|Athletic Club|1|22|29|12|13|6|6|0|0|76|75|76|74|76|78|77|75
16|15/12/2013|Atlético de Madrid|Valencia|0|40|20|16|7|9|3|0|0|80|81|80|80|78|79|77|78
16|16/12/2013|Valladolid|Celta de Vigo|0|12|15|5|9|2|6|0|0|73|73|73|72|72|74|71|68
17|20/12/2013|Elche|Málaga|2|17|17|5|8|3|2|1|0|73|74|72|72|75|75|70|76
17|21/12/2013|Villarreal|Sevilla|2|28|23|8|10|2|6|1|0|73|72|74|71|76|75|76|74
17|21/12/2013|Betis|Almería|2|10|13|2|10|2|6|0|1|74|75|75|74|71|71|71|70
17|21/12/2013|Atlético de Madrid|Levante|0|43|20|16|4|9|1|0|0|80|81|80|80|73|73|73|73
17|21/12/2013|Granada|Real Sociedad|2|20|26|9|13|3|4|0|0|72|73|72|70|77|78|75|77
17|22/12/2013|Espanyol|Valladolid|0|19|15|5|5|1|1|0|0|73|73|72|73|73|73|73|72
17|22/12/2013|Getafe|Barcelona|2|23|43|7|15|4|6|0|0|74|74|74|73|84|85|86|83
17|22/12/2013|Athletic Club|Rayo Vallecano|0|30|13|11|4|7|4|0|0|76|78|77|75|73|73|72|73
17|22/12/2013|Celta de Vigo|Osasuna|1|15|14|6|7|3|3|0|0|72|74|71|68|72|71|72|72
17|22/12/2013|Valencia|Real Madrid|2|20|38|7|16|4|7|0|0|78|79|77|78|84|85|83|82
18|04/01/2014|Málaga|Atlético de Madrid|2|20|46|10|16|6|7|0|0|75|75|70|76|80|81|80|80
18|04/01/2014|Valladolid|Betis|1|15|10|4|1|4|0|0|0|73|73|73|72|74|75|75|74
18|04/01/2014|Valencia|Levante|0|20|20|7|3|4|0|0|0|78|79|77|78|73|73|73|73
18|04/01/2014|Almería|Granada|0|16|20|10|9|4|6|1|0|71|71|71|70|72|73|72|70
18|05/01/2014|Sevilla|Getafe|0|26|23|13|4|4|3|0|0|76|75|76|74|74|74|74|73
18|05/01/2014|Barcelona|Elche|0|46|17|15|4|9|2|0|1|84|85|86|83|73|74|72|72
18|05/01/2014|Osasuna|Espanyol|0|15|22|5|7|4|4|0|0|72|71|72|72|73|73|72|73
18|05/01/2014|Real Sociedad|Athletic Club|0|29|33|15|13|9|4|0|0|77|78|75|77|76|78|77|75
18|06/01/2014|Real Madrid|Celta de Vigo|0|41|16|16|7|9|3|0|0|84|85|83|82|72|74|71|68
18|06/01/2014|Rayo Vallecano|Villarreal|2|13|28|4|8|0|6|0|1|73|73|72|73|73|72|74|71
19|10/01/2014|Granada|Valladolid|0|20|16|6|5|3|1|0|0|72|73|72|70|73|73|73|72
19|11/01/2014|Athletic Club|Almería|0|33|19|13|10|9|6|0|1|76|78|77|75|71|71|71|70
19|11/01/2014|Celta de Vigo|Valencia|0|16|23|4|7|4|3|0|0|72|74|71|68|78|79|77|78
19|11/01/2014|Atlético de Madrid|Barcelona|1|49|49|16|15|9|6|0|0|80|81|80|80|84|85|86|83
19|11/01/2014|Elche|Sevilla|1|17|29|4|16|3|9|1|0|73|74|72|72|76|75|76|74
19|12/01/2014|Getafe|Rayo Vallecano|2|23|13|4|4|4|4|0|0|74|74|74|73|73|73|72|73
19|12/01/2014|Betis|Osasuna|2|11|18|2|8|1|4|0|0|74|75|75|74|72|71|72|72
19|12/01/2014|Espanyol|Real Madrid|2|22|44|7|16|3|7|0|0|73|73|72|73|84|85|83|82
19|12/01/2014|Levante|Málaga|0|20|20|3|7|3|4|0|0|73|73|73|73|75|75|70|76
19|13/01/2014|Villarreal|Real Sociedad|0|31|32|8|15|2|6|1|0|73|72|74|71|77|78|75|77
20|17/01/2014|Málaga|Valencia|1|20|23|7|6|3|0|0|0|75|75|70|76|78|79|77|78
20|18/01/2014|Betis|Real Madrid|2|11|47|2|16|1|7|0|0|74|75|75|74|84|85|83|82
20|18/01/2014|Elche|Rayo Vallecano|0|18|16|4|4|1|4|1|0|73|74|72|72|73|73|72|73
20|18/01/2014|Granada|Osasuna|1|23|21|6|11|3|4|0|0|72|73|72|70|72|71|72|72
20|18/01/2014|Espanyol|Celta de Vigo|0|22|19|7|7|3|0|0|0|73|73|72|73|72|74|71|68
20|19/01/2014|Getafe|Real Sociedad|1|23|32|3|15|3|6|0|0|74|74|74|73|77|78|75|77
20|19/01/2014|Villarreal|Almería|0|34|19|10|7|4|3|1|1|73|72|74|71|71|71|71|70
20|19/01/2014|Levante|Barcelona|1|23|50|6|13|6|4|0|0|73|73|73|73|84|85|86|83
20|19/01/2014|Atlético de Madrid|Sevilla|1|50|30|16|14|7|7|0|0|80|81|80|80|76|75|76|74
20|20/01/2014|Athletic Club|Valladolid|0|36|16|13|4|9|0|0|0|76|78|77|75|73|73|73|72
21|24/01/2014|Celta de Vigo|Betis|0|19|11|7|2|7|1|0|0|72|74|71|68|74|75|75|74
21|25/01/2014|Real Madrid|Granada|0|50|24|16|7|9|3|0|0|84|85|83|82|72|73|72|70
21|25/01/2014|Valladolid|Villarreal|0|16|37|4|10|4|6|0|1|73|73|73|72|73|72|74|71
21|25/01/2014|Valencia|Espanyol|1|24|25|7|7|6|4|0|0|78|79|77|78|73|73|72|73
21|25/01/2014|Sevilla|Levante|2|31|24|12|7|7|0|0|0|76|75|76|74|73|73|73|73
21|26/01/2014|Almería|Getafe|0|19|24|7|4|4|0|1|0|71|71|71|70|74|74|74|73
21|26/01/2014|Osasuna|Athletic Club|2|22|39|9|13|4|4|0|0|72|71|72|72|76|78|77|75
21|26/01/2014|Rayo Vallecano|Atlético de Madrid|2|16|51|4|14|0|7|0|0|73|73|72|73|80|81|80|80
21|26/01/2014|Barcelona|Málaga|0|51|21|11|8|9|4|0|0|84|85|86|83|75|75|70|76
21|27/01/2014|Real Sociedad|Elche|0|33|21|13|4|9|1|0|1|77|78|75|77|73|74|72|72
22|31/01/2014|Granada|Celta de Vigo|2|24|22|7|7|4|0|0|0|72|73|72|70|72|74|71|68
22|01/02/2014|Barcelona|Valencia|2|54|25|14|5|9|1|0|0|84|85|86|83|78|79|77|78
22|01/02/2014|Levante|Rayo Vallecano|1|27|16|10|3|7|3|0|0|73|73|73|73|73|73|72|73
22|01/02/2014|Getafe|Valladolid|1|24|19|1|7|1|0|0|0|74|74|74|73|73|73|73|72
22|01/02/2014|Málaga|Sevilla|0|21|31|7|9|4|5|0|0|75|75|70|76|76|75|76|74
22|02/02/2014|Elche|Almería|0|21|22|4|10|4|3|1|1|73|74|72|72|71|71|71|70
22|02/02/2014|Betis|Espanyol|0|11|26|1|8|0|2|0|0|74|75|75|74|73|73|72|73
22|02/02/2014|Atlético de Madrid|Real Sociedad|0|54|36|14|13|5|4|0|0|80|81|80|80|77|78|75|77
22|02/02/2014|Athletic Club|Real Madrid|1|42|53|13|16|9|9|0|0|76|78|77|75|84|85|83|82
22|03/02/2014|Villarreal|Osasuna|0|37|22|9|9|6|5|1|0|73|72|74|71|72|71|72|72
23|07/02/2014|Espanyol|Granada|0|26|24|7|4|6|3|0|0|73|73|72|73|72|73|72|70
23|08/02/2014|Valencia|Betis|0|28|14|8|4|4|1|0|0|78|79|77|78|74|75|75|74
23|08/02/2014|Rayo Vallecano|Málaga|0|17|24|4|7|0|3|0|0|73|73|72|73|75|75|70|76
23|08/02/2014|Real Madrid|Villarreal|0|54|40|16|12|9|3|0|1|84|85|83|82|73|72|74|71
23|08/02/2014|Almería|Atlético de Madrid|0|22|57|9|14|7|9|1|0|71|71|71|70|80|81|80|80
23|09/02/2014|Osasuna|Getafe|0|22|25|8|2|4|0|0|0|72|71|72|72|74|74|74|73
23|09/02/2014|Valladolid|Elche|1|20|24|5|7|7|0|0|1|73|73|73|72|73|74|72|72
23|09/02/2014|Real Sociedad|Levante|1|36|28|10|8|9|3|0|0|77|78|75|77|73|73|73|73
23|09/02/2014|Sevilla|Barcelona|2|31|54|8|11|4|5|0|0|76|75|76|74|84|85|86|83
23|10/02/2014|Celta de Vigo|Athletic Club|1|25|43|10|13|7|4|0|0|72|74|71|68|76|78|77|75
24|14/02/2014|Elche|Osasuna|1|25|25|8|10|7|4|1|0|73|74|72|72|72|71|72|72
24|15/02/2014|Atlético de Madrid|Valladolid|0|57|21|11|6|5|1|0|0|80|81|80|80|73|73|73|72
24|15/02/2014|Levante|Almería|0|29|25|9|9|5|0|0|1|73|73|73|73|71|71|71|70
24|15/02/2014|Barcelona|Rayo Vallecano|0|57|20|11|7|6|4|0|0|84|85|86|83|73|73|72|73
24|15/02/2014|Villarreal|Celta de Vigo|2|40|26|12|10|9|3|1|0|73|72|74|71|72|74|71|68
24|16/02/2014|Granada|Betis|0|24|14|4|4|4|1|0|0|72|73|72|70|74|75|75|74
24|16/02/2014|Getafe|Real Madrid|2|25|57|2|16|2|7|0|0|74|74|74|73|84|85|83|82
24|16/02/2014|Athletic Club|Espanyol|2|44|29|11|7|7|1|0|0|76|78|77|75|73|73|72|73
24|16/02/2014|Sevilla|Valencia|1|31|31|5|11|3|4|0|0|76|75|76|74|78|79|77|78
24|17/02/2014|Málaga|Real Sociedad|2|24|37|4|8|4|1|0|0|75|75|70|76|77|78|75|77
25|21/02/2014|Valladolid|Levante|1|21|32|5|12|5|4|0|0|73|73|73|72|73|73|73|73
25|22/02/2014|Real Madrid|Elche|0|60|26|16|9|9|1|0|1|84|85|83|82|73|74|72|72
25|22/02/2014|Celta de Vigo|Getafe|1|29|25|13|2|7|0|0|0|72|74|71|68|74|74|74|73
25|22/02/2014|Real Sociedad|Barcelona|0|40|60|8|11|7|5|0|0|77|78|75|77|84|85|86|83
25|22/02/2014|Almería|Málaga|1|25|24|6|4|9|0|1|0|71|71|71|70|75|75|70|76
25|23/02/2014|Rayo Vallecano|Sevilla|2|20|32|7|3|3|2|0|0|73|73|72|73|76|75|76|74
25|23/02/2014|Betis|Athletic Club|2|14|44|3|11|3|4|0|0|74|75|75|74|76|78|77|75
25|23/02/2014|Valencia|Granada|0|32|27|9|7|7|0|0|0|78|79|77|78|72|73|72|70
25|23/02/2014|Osasuna|Atlético de Madrid|0|26|60|8|11|6|6|0|0|72|71|72|72|80|81|80|80
25|24/02/2014|Espanyol|Villarreal|2|32|40|10|9|6|3|0|1|73|73|72|73|73|72|74|71
26|28/02/2014|Athletic Club|Granada|0|47|27|11|4|4|0|0|0|76|78|77|75|72|73|72|70
26|01/03/2014|Málaga|Valladolid|1|25|22|5|6|4|1|0|0|75|75|70|76|73|73|73|72
26|01/03/2014|Levante|Osasuna|0|33|29|10|8|5|2|0|0|73|73|73|73|72|71|72|72
26|01/03/2014|Getafe|Espanyol|1|26|32|3|10|2|4|0|0|74|74|74|73|73|73|72|73
26|01/03/2014|Elche|Celta de Vigo|0|26|30|8|11|7|6|1|0|73|74|72|72|72|74|71|68
26|02/03/2014|Villarreal|Betis|1|43|14|9|3|6|0|1|0|73|72|74|71|74|75|75|74
26|02/03/2014|Atlético de Madrid|Real Madrid|1|60|63|10|16|7|7|0|0|80|81|80|80|84|85|83|82
26|02/03/2014|Sevilla|Real Sociedad|0|35|43|5|11|1|4|0|0|76|75|76|74|77|78|75|77
26|02/03/2014|Barcelona|Almería|0|60|26|10|7|6|0|0|1|84|85|86|83|71|71|71|70
26|02/03/2014|Rayo Vallecano|Valencia|0|20|35|4|12|3|5|0|0|73|73|72|73|78|79|77|78
27|08/03/2014|Valladolid|Barcelona|0|23|63|7|12|5|4|0|0|73|73|73|72|84|85|86|83
27|08/03/2014|Betis|Getafe|0|15|27|4|3|3|1|0|0|74|75|75|74|74|74|74|73
27|08/03/2014|Celta de Vigo|Atlético de Madrid|2|30|61|11|10|5|3|0|0|72|74|71|68|80|81|80|80
27|08/03/2014|Granada|Villarreal|0|27|44|3|7|4|3|0|1|72|73|72|70|73|72|74|71
27|09/03/2014|Espanyol|Elche|0|33|29|8|8|6|1|0|1|73|73|72|73|73|74|72|72
27|09/03/2014|Almería|Sevilla|2|26|38|7|7|7|4|1|0|71|71|71|70|76|75|76|74
27|09/03/2014|Real Madrid|Levante|0|64|36|14|12|9|5|0|0|84|85|83|82|73|73|73|73
27|09/03/2014|Valencia|Athletic Club|1|35|50|11|11|7|7|0|0|78|79|77|78|76|78|77|75
27|10/03/2014|Osasuna|Málaga|2|29|26|7|5|6|1|0|0|72|71|72|72|75|75|70|76
27|10/03/2014|Real Sociedad|Rayo Vallecano|2|43|23|10|7|7|1|0|0|77|78|75|77|73|73|72|73
28|14/03/2014|Getafe|Granada|1|27|30|3|6|2|0|0|0|74|74|74|73|72|73|72|70
28|15/03/2014|Levante|Celta de Vigo|2|36|30|9|8|7|6|0|0|73|73|73|73|72|74|71|68
28|15/03/2014|Rayo Vallecano|Almería|0|26|26|10|4|6|0|0|1|73|73|72|73|71|71|71|70
28|15/03/2014|Málaga|Real Madrid|2|29|67|8|14|4|5|0|0|75|75|70|76|84|85|83|82
28|15/03/2014|Atlético de Madrid|Espanyol|0|64|36|10|10|7|4|0|0|80|81|80|80|73|73|72|73
28|16/03/2014|Elche|Betis|1|29|18|8|7|7|1|1|0|73|74|72|72|74|75|75|74
28|16/03/2014|Barcelona|Osasuna|0|63|29|9|7|6|1|0|0|84|85|86|83|72|71|72|72
28|16/03/2014|Sevilla|Valladolid|0|41|26|10|7|4|2|0|0|76|75|76|74|73|73|73|72
28|16/03/2014|Real Sociedad|Valencia|0|43|36|7|11|4|4|0|0|77|78|75|77|78|79|77|78
28|17/03/2014|Villarreal|Athletic Club|1|44|51|7|9|4|5|1|0|73|72|74|71|76|78|77|75
29|21/03/2014|Celta de Vigo|Málaga|2|33|29|8|5|2|4|0|0|72|74|71|68|75|75|70|76
29|22/03/2014|Granada|Elche|0|31|30|7|6|6|1|0|1|72|73|72|70|73|74|72|72
29|22/03/2014|Espanyol|Levante|1|36|36|10|8|6|2|0|0|73|73|72|73|73|73|73|73
29|22/03/2014|Valladolid|Rayo Vallecano|1|26|29|6|12|5|4|0|0|73|73|73|72|73|73|72|73
29|22/03/2014|Athletic Club|Getafe|0|52|28|9|3|4|1|0|0|76|78|77|75|74|74|74|73
29|23/03/2014|Osasuna|Sevilla|2|29|44|7|13|6|6|0|0|72|71|72|72|76|75|76|74
29|23/03/2014|Betis|Atlético de Madrid|2|19|67|5|10|6|3|0|0|74|75|75|74|80|81|80|80
29|23/03/2014|Valencia|Villarreal|0|36|45|8|5|7|3|0|1|78|79|77|78|73|72|74|71
29|23/03/2014|Real Madrid|Barcelona|2|70|66|16|12|9|3|0|0|84|85|83|82|84|85|86|83
29|24/03/2014|Almería|Real Sociedad|0|26|46|4|10|4|3|1|0|71|71|71|70|77|78|75|77
30|25/03/2014|Málaga|Espanyol|2|32|37|8|8|1|4|0|0|75|75|70|76|73|73|72|73
30|25/03/2014|Elche|Athletic Club|1|30|55|5|11|5|5|1|0|73|74|72|72|76|78|77|75
30|26/03/2014|Barcelona|Celta de Vigo|0|69|33|12|7|9|6|0|0|84|85|86|83|72|74|71|68
30|26/03/2014|Rayo Vallecano|Osasuna|0|30|29|10|4|6|1|0|0|73|73|72|73|72|71|72|72
30|26/03/2014|Atlético de Madrid|Granada|0|70|34|13|10|7|1|0|0|80|81|80|80|72|73|72|70
30|26/03/2014|Sevilla|Real Madrid|0|47|70|16|13|7|7|0|0|76|75|76|74|84|85|83|82
30|27/03/2014|Getafe|Villarreal|2|28|45|3|5|2|3|0|1|74|74|74|73|73|72|74|71
30|27/03/2014|Real Sociedad|Valladolid|0|46|27|9|6|6|1|0|0|77|78|75|77|73|73|73|72
30|27/03/2014|Levante|Betis|2|37|19|8|5|6|2|0|0|73|73|73|73|74|75|75|74
30|27/03/2014|Almería|Valencia|1|29|39|4|8|4|1|1|0|71|71|71|70|78|79|77|78
31|29/03/2014|Espanyol|Barcelona|2|40|72|8|12|4|3|0|0|73|73|72|73|84|85|86|83
31|29/03/2014|Celta de Vigo|Sevilla|0|33|50|4|18|1|9|0|0|72|74|71|68|76|75|76|74
31|29/03/2014|Athletic Club|Atlético de Madrid|2|56|73|12|13|6|6|0|0|76|78|77|75|80|81|80|80
31|29/03/2014|Real Madrid|Rayo Vallecano|0|70|33|10|13|6|4|0|0|84|85|83|82|73|73|72|73
31|30/03/2014|Valladolid|Almería|0|27|30|6|5|5|0|0|1|73|73|73|72|71|71|71|70
31|30/03/2014|Osasuna|Real Sociedad|1|29|49|3|9|3|3|0|0|72|71|72|72|77|78|75|77
31|30/03/2014|Villarreal|Elche|1|48|31|8|5|2|0|1|1|73|72|74|71|73|74|72|72
31|30/03/2014|Valencia|Getafe|2|40|28|8|3|7|1|0|0|78|79|77|78|74|74|74|73
31|31/03/2014|Granada|Levante|2|34|37|7|5|9|2|0|0|72|73|72|70|73|73|73|73
31|31/03/2014|Betis|Málaga|2|22|32|8|8|3|7|0|0|74|75|75|74|75|75|70|76
32|04/04/2014|Almería|Osasuna|2|30|30|4|1|4|0|1|0|71|71|71|70|72|71|72|72
32|05/04/2014|Atlético de Madrid|Villarreal|0|76|49|16|6|7|3|0|1|80|81|80|80|73|72|74|71
32|05/04/2014|Barcelona|Betis|0|75|22|15|8|9|5|0|0|84|85|86|83|74|75|75|74
32|05/04/2014|Real Sociedad|Real Madrid|2|50|73|7|10|6|4|0|0|77|78|75|77|84|85|83|82
32|05/04/2014|Rayo Vallecano|Celta de Vigo|0|33|36|13|6|9|3|0|0|73|73|72|73|72|74|71|68
32|06/04/2014|Málaga|Granada|0|35|34|10|7|1|1|0|0|75|75|70|76|72|73|72|70
32|06/04/2014|Elche|Getafe|0|32|31|6|5|5|3|1|0|73|74|72|72|74|74|74|73
32|06/04/2014|Sevilla|Espanyol|0|50|40|15|8|9|4|0|0|76|75|76|74|73|73|72|73
32|06/04/2014|Valladolid|Valencia|1|30|40|8|5|7|1|0|0|73|73|73|72|78|79|77|78
32|07/04/2014|Levante|Athletic Club|2|40|56|7|9|3|3|0|0|73|73|73|73|76|78|77|75
33|11/04/2014|Osasuna|Valladolid|1|33|31|4|8|1|1|0|0|72|71|72|72|73|73|73|72
33|12/04/2014|Celta de Vigo|Real Sociedad|1|36|50|6|7|3|1|0|0|72|74|71|68|77|78|75|77
33|12/04/2014|Villarreal|Levante|0|49|40|5|4|3|4|1|0|73|72|74|71|73|73|73|73
33|12/04/2014|Granada|Barcelona|0|34|78|7|15|6|6|0|0|72|73|72|70|84|85|86|83
33|12/04/2014|Real Madrid|Almería|0|76|30|12|4|6|0|0|1|84|85|83|82|71|71|71|70
33|13/04/2014|Betis|Sevilla|2|22|53|7|15|3|6|0|0|74|75|75|74|76|75|76|74
33|13/04/2014|Valencia|Elche|0|41|35|6|6|4|1|0|1|78|79|77|78|73|74|72|72
33|13/04/2014|Getafe|Atlético de Madrid|2|31|79|4|18|2|9|0|0|74|74|74|73|80|81|80|80
33|13/04/2014|Espanyol|Rayo Vallecano|1|40|36|7|13|4|4|0|0|73|73|72|73|73|73|72|73
33|14/04/2014|Athletic Club|Málaga|0|59|38|9|12|6|9|0|0|76|78|77|75|75|75|70|76
34|18/04/2014|Atlético de Madrid|Elche|0|82|35|18|6|9|1|0|1|80|81|80|80|73|74|72|72
34|19/04/2014|Osasuna|Valencia|1|34|44|5|8|2|2|0|0|72|71|72|72|78|79|77|78
34|19/04/2014|Levante|Getafe|1|40|31|4|4|0|3|0|0|73|73|73|73|74|74|74|73
34|19/04/2014|Real Sociedad|Espanyol|0|51|41|8|5|6|3|0|0|77|78|75|77|73|73|72|73
34|20/04/2014|Almería|Celta de Vigo|2|30|37|4|7|4|3|1|0|71|71|71|70|72|74|71|68
34|20/04/2014|Rayo Vallecano|Betis|0|37|22|11|4|9|4|0|0|73|73|72|73|74|75|75|74
34|20/04/2014|Sevilla|Granada|0|56|37|15|7|9|1|0|0|76|75|76|74|72|73|72|70
34|20/04/2014|Barcelona|Athletic Club|0|78|62|15|11|9|5|0|0|84|85|86|83|76|78|77|75
34|21/04/2014|Málaga|Villarreal|0|38|52|9|8|3|3|0|1|75|75|70|76|73|72|74|71
34|07/05/2014|Valladolid|Real Madrid|1|32|79|6|12|5|6|0|0|73|73|73|72|84|85|83|82
35|25/04/2014|Elche|Levante|1|35|41|5|5|5|4|1|0|73|74|72|72|73|73|73|73
35|26/04/2014|Granada|Rayo Vallecano|2|37|40|6|11|6|2|0|0|72|73|72|70|73|73|72|73
35|26/04/2014|Getafe|Málaga|0|32|41|4|12|1|6|0|0|74|74|74|73|75|75|70|76
35|26/04/2014|Real Madrid|Osasuna|0|80|35|10|6|6|3|0|0|84|85|83|82|72|71|72|72
35|26/04/2014|Betis|Real Sociedad|2|22|54|3|8|0|2|0|0|74|75|75|74|77|78|75|77
35|27/04/2014|Espanyol|Almería|2|41|30|5|4|2|0|0|1|73|73|72|73|71|71|71|70
35|27/04/2014|Valencia|Atlético de Madrid|2|45|85|9|18|6|9|0|0|78|79|77|78|80|81|80|80
35|27/04/2014|Athletic Club|Sevilla|0|62|59|10|15|6|6|0|0|76|78|77|75|76|75|76|74
35|27/04/2014|Villarreal|Barcelona|2|52|81|7|15|5|6|1|0|73|72|74|71|84|85|86|83
35|28/04/2014|Celta de Vigo|Valladolid|0|40|33|7|7|4|1|0|0|72|74|71|68|73|73|73|72
36|02/05/2014|Rayo Vallecano|Athletic Club|2|43|65|13|10|9|4|0|0|73|73|72|73|76|78|77|75
36|03/05/2014|Barcelona|Getafe|1|84|35|15|7|9|4|0|0|84|85|86|83|74|74|74|73
36|03/05/2014|Málaga|Elche|2|41|36|9|6|6|1|0|1|75|75|70|76|73|74|72|72
36|03/05/2014|Osasuna|Celta de Vigo|2|35|43|6|10|3|3|0|0|72|71|72|72|72|74|71|68
36|03/05/2014|Valladolid|Espanyol|0|33|41|6|4|5|3|0|0|73|73|73|72|73|73|72|73
36|04/05/2014|Almería|Betis|0|33|22|4|3|1|3|1|0|71|71|71|70|74|75|75|74
36|04/05/2014|Levante|Atlético de Madrid|0|42|88|5|18|1|9|0|0|73|73|73|73|80|81|80|80
36|04/05/2014|Sevilla|Villarreal|1|59|52|12|7|9|3|0|1|76|75|76|74|73|72|74|71
36|04/05/2014|Real Madrid|Valencia|1|83|45|13|6|9|3|0|0|84|85|83|82|78|79|77|78
36|05/05/2014|Real Sociedad|Granada|1|57|37|11|3|6|0|0|0|77|78|75|77|72|73|72|70
37|10/05/2014|Villarreal|Rayo Vallecano|0|53|43|5|10|4|4|1|0|73|72|74|71|73|73|72|73
37|10/05/2014|Levante|Valencia|0|45|46|8|6|4|3|0|0|73|73|73|73|78|79|77|78
37|11/05/2014|Athletic Club|Real Sociedad|1|68|58|12|9|6|5|0|0|76|78|77|75|77|78|75|77
37|11/05/2014|Atlético de Madrid|Málaga|1|88|41|15|9|9|3|0|0|80|81|80|80|75|75|70|76
37|11/05/2014|Elche|Barcelona|1|39|85|8|13|5|6|1|0|73|74|72|72|84|85|86|83
37|11/05/2014|Getafe|Sevilla|0|36|60|8|10|3|3|0|0|74|74|74|73|76|75|76|74
37|11/05/2014|Granada|Almería|2|38|36|4|6|3|3|0|1|72|73|72|70|71|71|71|70
37|11/05/2014|Betis|Valladolid|0|22|36|0|9|0|1|0|0|74|75|75|74|73|73|73|72
37|11/05/2014|Espanyol|Osasuna|1|41|35|1|6|1|3|0|0|73|73|72|73|72|71|72|72
37|11/05/2014|Celta de Vigo|Real Madrid|0|46|84|13|14|7|4|0|0|72|74|71|68|84|85|83|82
38|16/05/2014|Málaga|Levante|0|42|48|7|8|6|4|0|0|75|75|70|76|73|73|73|73
38|17/05/2014|Real Madrid|Espanyol|0|84|42|11|2|7|0|0|0|84|85|83|82|73|73|72|73
38|17/05/2014|Barcelona|Atlético de Madrid|1|86|89|11|13|7|6|0|0|84|85|86|83|80|81|80|80
38|17/05/2014|Valencia|Celta de Vigo|0|46|49|6|13|3|6|0|0|78|79|77|78|72|74|71|68
38|18/05/2014|Real Sociedad|Villarreal|2|59|56|9|7|4|1|0|1|77|78|75|77|73|72|74|71
38|18/05/2014|Rayo Vallecano|Getafe|2|43|39|10|8|6|2|0|0|73|73|72|73|74|74|74|73
38|18/05/2014|Almería|Athletic Club|1|39|69|9|13|3|6|1|0|71|71|71|70|76|78|77|75
38|18/05/2014|Valladolid|Granada|2|36|38|6|4|5|1|0|0|73|73|73|72|72|73|72|70
38|18/05/2014|Osasuna|Betis|0|36|25|6|3|2|0|0|0|72|71|72|72|74|75|75|74
38|18/05/2014|Sevilla|Elche|0|60|40|10|8|7|3|0|1|76|75|76|74|73|74|72|72
