---11 params, result: remove 12, max: 206.7
[4, 7, 8, 9, 10, 12, 13, 14, 15, 17]
196 250 0 5
196 250 1 5
200 250 2 5
197 250 3 5
195 250 4 5
199 250 5 5
192 250 6 5
195 250 7 5
200 250 8 5
194 250 9 5
[4, 7, 8, 9, 10, 12, 13, 14, 15, 17]
188 250 0 5
193 250 1 5
194 250 2 5
200 250 3 5
201 250 4 5
195 250 5 5
192 250 6 5
190 250 7 5
193 250 8 5
189 250 9 5
[4, 7, 8, 9, 10, 12, 13, 14, 15, 17]
208 250 0 5
202 250 1 5
209 250 2 5
207 250 3 5
205 250 4 5
208 250 5 5
209 250 6 5
204 250 7 5
207 250 8 5
209 250 9 5
[4, 7, 8, 9, 10, 12, 13, 14, 15, 17]
218 250 0 5
226 250 1 5
219 250 2 5
221 250 3 5
209 250 4 5
217 250 5 5
219 250 6 5
224 250 7 5
218 250 8 5
218 250 9 5
[4, 7, 8, 9, 10, 12, 13, 14, 15, 17]
202 250 0 5
207 250 1 5
211 250 2 5
209 250 3 5
203 250 4 5
200 250 5 5
206 250 6 5
209 250 7 5
210 250 8 5
208 250 9 5
Avg: 204.42000000000002
[3, 7, 8, 9, 10, 12, 13, 14, 15, 17]
197 250 0 5
189 250 1 5
197 250 2 5
197 250 3 5
197 250 4 5
192 250 5 5
196 250 6 5
193 250 7 5
192 250 8 5
196 250 9 5
[3, 7, 8, 9, 10, 12, 13, 14, 15, 17]
202 250 0 5
202 250 1 5
194 250 2 5
196 250 3 5
199 250 4 5
199 250 5 5
195 250 6 5
199 250 7 5
195 250 8 5
199 250 9 5
[3, 7, 8, 9, 10, 12, 13, 14, 15, 17]
204 250 0 5
210 250 1 5
203 250 2 5
202 250 3 5
204 250 4 5
204 250 5 5
207 250 6 5
209 250 7 5
205 250 8 5
206 250 9 5
[3, 7, 8, 9, 10, 12, 13, 14, 15, 17]
222 250 0 5
217 250 1 5
226 250 2 5
223 250 3 5
221 250 4 5
220 250 5 5
217 250 6 5
224 250 7 5
221 250 8 5
223 250 9 5
[3, 7, 8, 9, 10, 12, 13, 14, 15, 17]
208 250 0 5
207 250 1 5
208 250 2 5
213 250 3 5
208 250 4 5
214 250 5 5
212 250 6 5
212 250 7 5
211 250 8 5
211 250 9 5
Avg: 205.95999999999998
[3, 4, 8, 9, 10, 12, 13, 14, 15, 17]
190 250 0 5
191 250 1 5
193 250 2 5
191 250 3 5
196 250 4 5
196 250 5 5
200 250 6 5
195 250 7 5
191 250 8 5
189 250 9 5
[3, 4, 8, 9, 10, 12, 13, 14, 15, 17]
192 250 0 5
197 250 1 5
191 250 2 5
194 250 3 5
192 250 4 5
197 250 5 5
195 250 6 5
190 250 7 5
195 250 8 5
190 250 9 5
[3, 4, 8, 9, 10, 12, 13, 14, 15, 17]
199 250 0 5
193 250 1 5
201 250 2 5
193 250 3 5
200 250 4 5
196 250 5 5
196 250 6 5
197 250 7 5
199 250 8 5
194 250 9 5
[3, 4, 8, 9, 10, 12, 13, 14, 15, 17]
217 250 0 5
217 250 1 5
223 250 2 5
226 250 3 5
217 250 4 5
225 250 5 5
222 250 6 5
221 250 7 5
222 250 8 5
219 250 9 5
[3, 4, 8, 9, 10, 12, 13, 14, 15, 17]
202 250 0 5
204 250 1 5
201 250 2 5
204 250 3 5
208 250 4 5
203 250 5 5
205 250 6 5
203 250 7 5
203 250 8 5
206 250 9 5
Avg: 201.62000000000003
[3, 4, 7, 9, 10, 12, 13, 14, 15, 17]
191 250 0 5
192 250 1 5
189 250 2 5
192 250 3 5
191 250 4 5
190 250 5 5
192 250 6 5
193 250 7 5
190 250 8 5
193 250 9 5
[3, 4, 7, 9, 10, 12, 13, 14, 15, 17]
201 250 0 5
203 250 1 5
201 250 2 5
200 250 3 5
204 250 4 5
195 250 5 5
200 250 6 5
206 250 7 5
203 250 8 5
205 250 9 5
[3, 4, 7, 9, 10, 12, 13, 14, 15, 17]
206 250 0 5
206 250 1 5
200 250 2 5
201 250 3 5
205 250 4 5
198 250 5 5
203 250 6 5
198 250 7 5
206 250 8 5
200 250 9 5
[3, 4, 7, 9, 10, 12, 13, 14, 15, 17]
223 250 0 5
221 250 1 5
220 250 2 5
225 250 3 5
222 250 4 5
215 250 5 5
225 250 6 5
221 250 7 5
219 250 8 5
218 250 9 5
[3, 4, 7, 9, 10, 12, 13, 14, 15, 17]
212 250 0 5
216 250 1 5
214 250 2 5
211 250 3 5
211 250 4 5
210 250 5 5
210 250 6 5
215 250 7 5
211 250 8 5
209 250 9 5
Avg: 205.64000000000001
[3, 4, 7, 8, 10, 12, 13, 14, 15, 17]
193 250 0 5
194 250 1 5
198 250 2 5
192 250 3 5
192 250 4 5
188 250 5 5
199 250 6 5
199 250 7 5
193 250 8 5
198 250 9 5
[3, 4, 7, 8, 10, 12, 13, 14, 15, 17]
202 250 0 5
198 250 1 5
202 250 2 5
197 250 3 5
200 250 4 5
194 250 5 5
203 250 6 5
199 250 7 5
197 250 8 5
198 250 9 5
[3, 4, 7, 8, 10, 12, 13, 14, 15, 17]
204 250 0 5
200 250 1 5
204 250 2 5
204 250 3 5
205 250 4 5
198 250 5 5
202 250 6 5
203 250 7 5
202 250 8 5
201 250 9 5
[3, 4, 7, 8, 10, 12, 13, 14, 15, 17]
218 250 0 5
223 250 1 5
223 250 2 5
220 250 3 5
223 250 4 5
222 250 5 5
217 250 6 5
212 250 7 5
221 250 8 5
225 250 9 5
[3, 4, 7, 8, 10, 12, 13, 14, 15, 17]
212 250 0 5
212 250 1 5
213 250 2 5
210 250 3 5
211 250 4 5
216 250 5 5
218 250 6 5
213 250 7 5
212 250 8 5
212 250 9 5
Avg: 205.84
[3, 4, 7, 8, 9, 12, 13, 14, 15, 17]
204 250 0 5
198 250 1 5
199 250 2 5
199 250 3 5
201 250 4 5
192 250 5 5
199 250 6 5
197 250 7 5
196 250 8 5
203 250 9 5
[3, 4, 7, 8, 9, 12, 13, 14, 15, 17]
204 250 0 5
204 250 1 5
205 250 2 5
206 250 3 5
201 250 4 5
203 250 5 5
205 250 6 5
205 250 7 5
198 250 8 5
204 250 9 5
[3, 4, 7, 8, 9, 12, 13, 14, 15, 17]
199 250 0 5
200 250 1 5
205 250 2 5
199 250 3 5
196 250 4 5
201 250 5 5
206 250 6 5
204 250 7 5
201 250 8 5
205 250 9 5
[3, 4, 7, 8, 9, 12, 13, 14, 15, 17]
230 250 0 5
216 250 1 5
214 250 2 5
218 250 3 5
220 250 4 5
218 250 5 5
220 250 6 5
219 250 7 5
223 250 8 5
223 250 9 5
[3, 4, 7, 8, 9, 12, 13, 14, 15, 17]
206 250 0 5
207 250 1 5
217 250 2 5
206 250 3 5
215 250 4 5
207 250 5 5
209 250 6 5
208 250 7 5
207 250 8 5
213 250 9 5
Avg: 206.7
[3, 4, 7, 8, 9, 10, 13, 14, 15, 17]
195 250 0 5
194 250 1 5
192 250 2 5
192 250 3 5
189 250 4 5
192 250 5 5
196 250 6 5
193 250 7 5
192 250 8 5
192 250 9 5
[3, 4, 7, 8, 9, 10, 13, 14, 15, 17]
200 250 0 5
199 250 1 5
204 250 2 5
203 250 3 5
197 250 4 5
200 250 5 5
198 250 6 5
201 250 7 5
208 250 8 5
201 250 9 5
[3, 4, 7, 8, 9, 10, 13, 14, 15, 17]
207 250 0 5
209 250 1 5
203 250 2 5
200 250 3 5
204 250 4 5
201 250 5 5
203 250 6 5
206 250 7 5
204 250 8 5
204 250 9 5
[3, 4, 7, 8, 9, 10, 13, 14, 15, 17]
218 250 0 5
220 250 1 5
221 250 2 5
220 250 3 5
219 250 4 5
220 250 5 5
222 250 6 5
224 250 7 5
215 250 8 5
221 250 9 5
[3, 4, 7, 8, 9, 10, 13, 14, 15, 17]
217 250 0 5
212 250 1 5
212 250 2 5
214 250 3 5
216 250 4 5
211 250 5 5
215 250 6 5
212 250 7 5
212 250 8 5
216 250 9 5
Avg: 206.32
[3, 4, 7, 8, 9, 10, 12, 14, 15, 17]
194 250 0 5
190 250 1 5
188 250 2 5
194 250 3 5
194 250 4 5
195 250 5 5
193 250 6 5
191 250 7 5
195 250 8 5
195 250 9 5
[3, 4, 7, 8, 9, 10, 12, 14, 15, 17]
198 250 0 5
197 250 1 5
193 250 2 5
196 250 3 5
200 250 4 5
197 250 5 5
201 250 6 5
201 250 7 5
200 250 8 5
198 250 9 5
[3, 4, 7, 8, 9, 10, 12, 14, 15, 17]
205 250 0 5
204 250 1 5
198 250 2 5
204 250 3 5
201 250 4 5
204 250 5 5
202 250 6 5
203 250 7 5
203 250 8 5
200 250 9 5
[3, 4, 7, 8, 9, 10, 12, 14, 15, 17]
214 250 0 5
219 250 1 5
220 250 2 5
223 250 3 5
223 250 4 5
220 250 5 5
217 250 6 5
212 250 7 5
217 250 8 5
225 250 9 5
[3, 4, 7, 8, 9, 10, 12, 14, 15, 17]
215 250 0 5
211 250 1 5
213 250 2 5
204 250 3 5
218 250 4 5
210 250 5 5
215 250 6 5
209 250 7 5
211 250 8 5
210 250 9 5
Avg: 204.8
[3, 4, 7, 8, 9, 10, 12, 13, 15, 17]
194 250 0 5
192 250 1 5
197 250 2 5
192 250 3 5
198 250 4 5
193 250 5 5
189 250 6 5
195 250 7 5
196 250 8 5
201 250 9 5
[3, 4, 7, 8, 9, 10, 12, 13, 15, 17]
191 250 0 5
192 250 1 5
191 250 2 5
193 250 3 5
194 250 4 5
191 250 5 5
196 250 6 5
195 250 7 5
192 250 8 5
200 250 9 5
[3, 4, 7, 8, 9, 10, 12, 13, 15, 17]
200 250 0 5
200 250 1 5
203 250 2 5
203 250 3 5
203 250 4 5
198 250 5 5
201 250 6 5
203 250 7 5
200 250 8 5
197 250 9 5
[3, 4, 7, 8, 9, 10, 12, 13, 15, 17]
215 250 0 5
217 250 1 5
215 250 2 5
215 250 3 5
221 250 4 5
223 250 5 5
221 250 6 5
224 250 7 5
217 250 8 5
223 250 9 5
[3, 4, 7, 8, 9, 10, 12, 13, 15, 17]
212 250 0 5
215 250 1 5
214 250 2 5
209 250 3 5
209 250 4 5
209 250 5 5
212 250 6 5
209 250 7 5
204 250 8 5
213 250 9 5
Avg: 203.74
[3, 4, 7, 8, 9, 10, 12, 13, 14, 17]
186 250 0 5
196 250 1 5
190 250 2 5
192 250 3 5
195 250 4 5
195 250 5 5
194 250 6 5
194 250 7 5
189 250 8 5
193 250 9 5
[3, 4, 7, 8, 9, 10, 12, 13, 14, 17]
202 250 0 5
198 250 1 5
201 250 2 5
202 250 3 5
193 250 4 5
208 250 5 5
200 250 6 5
205 250 7 5
202 250 8 5
199 250 9 5
[3, 4, 7, 8, 9, 10, 12, 13, 14, 17]
201 250 0 5
204 250 1 5
205 250 2 5
204 250 3 5
206 250 4 5
201 250 5 5
206 250 6 5
206 250 7 5
209 250 8 5
203 250 9 5
[3, 4, 7, 8, 9, 10, 12, 13, 14, 17]
222 250 0 5
210 250 1 5
216 250 2 5
220 250 3 5
223 250 4 5
214 250 5 5
214 250 6 5
213 250 7 5
217 250 8 5
221 250 9 5
[3, 4, 7, 8, 9, 10, 12, 13, 14, 17]
220 250 0 5
210 250 1 5
217 250 2 5
214 250 3 5
212 250 4 5
215 250 5 5
212 250 6 5
217 250 7 5
214 250 8 5
213 250 9 5
Avg: 205.85999999999999
[3, 4, 7, 8, 9, 10, 12, 13, 14, 15]
193 250 0 5
196 250 1 5
191 250 2 5
195 250 3 5
197 250 4 5
190 250 5 5
195 250 6 5
198 250 7 5
198 250 8 5
197 250 9 5
[3, 4, 7, 8, 9, 10, 12, 13, 14, 15]
201 250 0 5
203 250 1 5
200 250 2 5
200 250 3 5
199 250 4 5
203 250 5 5
203 250 6 5
204 250 7 5
203 250 8 5
199 250 9 5
[3, 4, 7, 8, 9, 10, 12, 13, 14, 15]
204 250 0 5
204 250 1 5
204 250 2 5
204 250 3 5
203 250 4 5
205 250 5 5
205 250 6 5
204 250 7 5
202 250 8 5
195 250 9 5
[3, 4, 7, 8, 9, 10, 12, 13, 14, 15]
216 250 0 5
220 250 1 5
218 250 2 5
222 250 3 5
216 250 4 5
217 250 5 5
214 250 6 5
217 250 7 5
215 250 8 5
215 250 9 5
[3, 4, 7, 8, 9, 10, 12, 13, 14, 15]
207 250 0 5
207 250 1 5
212 250 2 5
211 250 3 5
213 250 4 5
205 250 5 5
212 250 6 5
212 250 7 5
211 250 8 5
206 250 9 5
Avg: 205.21999999999997