---12 params, result: remove 7, max: 207.72
[4, 5, 7, 8, 9, 10, 12, 13, 14, 15, 17]
189 250 0 5
195 250 1 5
198 250 2 5
190 250 3 5
192 250 4 5
192 250 5 5
193 250 6 5
195 250 7 5
194 250 8 5
185 250 9 5
[4, 5, 7, 8, 9, 10, 12, 13, 14, 15, 17]
202 250 0 5
201 250 1 5
203 250 2 5
192 250 3 5
194 250 4 5
198 250 5 5
198 250 6 5
197 250 7 5
202 250 8 5
204 250 9 5
[4, 5, 7, 8, 9, 10, 12, 13, 14, 15, 17]
204 250 0 5
210 250 1 5
209 250 2 5
208 250 3 5
207 250 4 5
207 250 5 5
207 250 6 5
203 250 7 5
208 250 8 5
211 250 9 5
[4, 5, 7, 8, 9, 10, 12, 13, 14, 15, 17]
219 250 0 5
224 250 1 5
220 250 2 5
218 250 3 5
219 250 4 5
214 250 5 5
223 250 6 5
219 250 7 5
217 250 8 5
219 250 9 5
[4, 5, 7, 8, 9, 10, 12, 13, 14, 15, 17]
207 250 0 5
206 250 1 5
210 250 2 5
212 250 3 5
204 250 4 5
209 250 5 5
205 250 6 5
207 250 7 5
211 250 8 5
206 250 9 5
Avg: 205.14000000000001
[3, 5, 7, 8, 9, 10, 12, 13, 14, 15, 17]
189 250 0 5
190 250 1 5
192 250 2 5
193 250 3 5
193 250 4 5
198 250 5 5
194 250 6 5
194 250 7 5
193 250 8 5
192 250 9 5
[3, 5, 7, 8, 9, 10, 12, 13, 14, 15, 17]
203 250 0 5
197 250 1 5
200 250 2 5
201 250 3 5
201 250 4 5
198 250 5 5
196 250 6 5
203 250 7 5
204 250 8 5
199 250 9 5
[3, 5, 7, 8, 9, 10, 12, 13, 14, 15, 17]
207 250 0 5
204 250 1 5
210 250 2 5
208 250 3 5
208 250 4 5
202 250 5 5
205 250 6 5
208 250 7 5
211 250 8 5
212 250 9 5
[3, 5, 7, 8, 9, 10, 12, 13, 14, 15, 17]
226 250 0 5
226 250 1 5
221 250 2 5
228 250 3 5
226 250 4 5
223 250 5 5
221 250 6 5
222 250 7 5
221 250 8 5
217 250 9 5
[3, 5, 7, 8, 9, 10, 12, 13, 14, 15, 17]
213 250 0 5
216 250 1 5
214 250 2 5
214 250 3 5
211 250 4 5
210 250 5 5
211 250 6 5
210 250 7 5
209 250 8 5
213 250 9 5
Avg: 207.14000000000001
[3, 4, 7, 8, 9, 10, 12, 13, 14, 15, 17]
194 250 0 5
196 250 1 5
199 250 2 5
192 250 3 5
193 250 4 5
196 250 5 5
192 250 6 5
194 250 7 5
195 250 8 5
195 250 9 5
[3, 4, 7, 8, 9, 10, 12, 13, 14, 15, 17]
201 250 0 5
201 250 1 5
203 250 2 5
198 250 3 5
205 250 4 5
203 250 5 5
203 250 6 5
198 250 7 5
198 250 8 5
196 250 9 5
[3, 4, 7, 8, 9, 10, 12, 13, 14, 15, 17]
210 250 0 5
205 250 1 5
208 250 2 5
208 250 3 5
205 250 4 5
206 250 5 5
203 250 6 5
202 250 7 5
205 250 8 5
207 250 9 5
[3, 4, 7, 8, 9, 10, 12, 13, 14, 15, 17]
219 250 0 5
226 250 1 5
223 250 2 5
223 250 3 5
221 250 4 5
226 250 5 5
229 250 6 5
224 250 7 5
225 250 8 5
223 250 9 5
[3, 4, 7, 8, 9, 10, 12, 13, 14, 15, 17]
212 250 0 5
213 250 1 5
211 250 2 5
213 250 3 5
215 250 4 5
214 250 5 5
216 250 6 5
215 250 7 5
215 250 8 5
212 250 9 5
Avg: 207.71999999999997
[3, 4, 5, 8, 9, 10, 12, 13, 14, 15, 17]
193 250 0 5
192 250 1 5
189 250 2 5
193 250 3 5
192 250 4 5
197 250 5 5
192 250 6 5
188 250 7 5
192 250 8 5
193 250 9 5
[3, 4, 5, 8, 9, 10, 12, 13, 14, 15, 17]
197 250 0 5
199 250 1 5
204 250 2 5
196 250 3 5
200 250 4 5
194 250 5 5
203 250 6 5
203 250 7 5
199 250 8 5
197 250 9 5
[3, 4, 5, 8, 9, 10, 12, 13, 14, 15, 17]
200 250 0 5
203 250 1 5
198 250 2 5
198 250 3 5
203 250 4 5
201 250 5 5
201 250 6 5
204 250 7 5
201 250 8 5
200 250 9 5
[3, 4, 5, 8, 9, 10, 12, 13, 14, 15, 17]
220 250 0 5
219 250 1 5
216 250 2 5
212 250 3 5
217 250 4 5
219 250 5 5
217 250 6 5
219 250 7 5
218 250 8 5
221 250 9 5
[3, 4, 5, 8, 9, 10, 12, 13, 14, 15, 17]
204 250 0 5
204 250 1 5
205 250 2 5
206 250 3 5
203 250 4 5
205 250 5 5
204 250 6 5
207 250 7 5
205 250 8 5
208 250 9 5
Avg: 203.02
[3, 4, 5, 7, 9, 10, 12, 13, 14, 15, 17]
188 250 0 5
194 250 1 5
191 250 2 5
189 250 3 5
189 250 4 5
184 250 5 5
190 250 6 5
186 250 7 5
194 250 8 5
195 250 9 5
[3, 4, 5, 7, 9, 10, 12, 13, 14, 15, 17]
205 250 0 5
205 250 1 5
204 250 2 5
198 250 3 5
196 250 4 5
204 250 5 5
201 250 6 5
202 250 7 5
204 250 8 5
200 250 9 5
[3, 4, 5, 7, 9, 10, 12, 13, 14, 15, 17]
207 250 0 5
202 250 1 5
202 250 2 5
206 250 3 5
205 250 4 5
199 250 5 5
208 250 6 5
206 250 7 5
206 250 8 5
203 250 9 5
[3, 4, 5, 7, 9, 10, 12, 13, 14, 15, 17]
222 250 0 5
223 250 1 5
216 250 2 5
219 250 3 5
227 250 4 5
222 250 5 5
220 250 6 5
222 250 7 5
219 250 8 5
225 250 9 5
[3, 4, 5, 7, 9, 10, 12, 13, 14, 15, 17]
210 250 0 5
214 250 1 5
212 250 2 5
211 250 3 5
212 250 4 5
210 250 5 5
217 250 6 5
213 250 7 5
217 250 8 5
218 250 9 5
Avg: 206.23999999999995
[3, 4, 5, 7, 8, 10, 12, 13, 14, 15, 17]
190 250 0 5
194 250 1 5
190 250 2 5
194 250 3 5
193 250 4 5
192 250 5 5
188 250 6 5
191 250 7 5
190 250 8 5
195 250 9 5
[3, 4, 5, 7, 8, 10, 12, 13, 14, 15, 17]
205 250 0 5
207 250 1 5
205 250 2 5
202 250 3 5
198 250 4 5
201 250 5 5
200 250 6 5
201 250 7 5
203 250 8 5
203 250 9 5
[3, 4, 5, 7, 8, 10, 12, 13, 14, 15, 17]
204 250 0 5
206 250 1 5
206 250 2 5
200 250 3 5
205 250 4 5
204 250 5 5
208 250 6 5
203 250 7 5
205 250 8 5
206 250 9 5
[3, 4, 5, 7, 8, 10, 12, 13, 14, 15, 17]
215 250 0 5
225 250 1 5
224 250 2 5
219 250 3 5
224 250 4 5
224 250 5 5
224 250 6 5
219 250 7 5
225 250 8 5
220 250 9 5
[3, 4, 5, 7, 8, 10, 12, 13, 14, 15, 17]
213 250 0 5
210 250 1 5
213 250 2 5
213 250 3 5
214 250 4 5
217 250 5 5
207 250 6 5
214 250 7 5
213 250 8 5
210 250 9 5
Avg: 206.64000000000001
[3, 4, 5, 7, 8, 9, 12, 13, 14, 15, 17]
193 250 0 5
202 250 1 5
198 250 2 5
194 250 3 5
194 250 4 5
197 250 5 5
195 250 6 5
201 250 7 5
199 250 8 5
198 250 9 5
[3, 4, 5, 7, 8, 9, 12, 13, 14, 15, 17]
203 250 0 5
205 250 1 5
205 250 2 5
201 250 3 5
200 250 4 5
200 250 5 5
206 250 6 5
204 250 7 5
203 250 8 5
201 250 9 5
[3, 4, 5, 7, 8, 9, 12, 13, 14, 15, 17]
205 250 0 5
201 250 1 5
203 250 2 5
204 250 3 5
203 250 4 5
201 250 5 5
197 250 6 5
208 250 7 5
205 250 8 5
204 250 9 5
[3, 4, 5, 7, 8, 9, 12, 13, 14, 15, 17]
221 250 0 5
224 250 1 5
218 250 2 5
227 250 3 5
222 250 4 5
219 250 5 5
222 250 6 5
224 250 7 5
220 250 8 5
220 250 9 5
[3, 4, 5, 7, 8, 9, 12, 13, 14, 15, 17]
211 250 0 5
210 250 1 5
206 250 2 5
213 250 3 5
205 250 4 5
206 250 5 5
214 250 6 5
209 250 7 5
213 250 8 5
209 250 9 5
Avg: 206.85999999999999
[3, 4, 5, 7, 8, 9, 10, 13, 14, 15, 17]
196 250 0 5
196 250 1 5
194 250 2 5
191 250 3 5
194 250 4 5
195 250 5 5
193 250 6 5
195 250 7 5
192 250 8 5
194 250 9 5
[3, 4, 5, 7, 8, 9, 10, 13, 14, 15, 17]
202 250 0 5
204 250 1 5
204 250 2 5
204 250 3 5
198 250 4 5
205 250 5 5
203 250 6 5
205 250 7 5
204 250 8 5
205 250 9 5
[3, 4, 5, 7, 8, 9, 10, 13, 14, 15, 17]
205 250 0 5
203 250 1 5
205 250 2 5
205 250 3 5
205 250 4 5
205 250 5 5
205 250 6 5
210 250 7 5
205 250 8 5
206 250 9 5
[3, 4, 5, 7, 8, 9, 10, 13, 14, 15, 17]
220 250 0 5
220 250 1 5
220 250 2 5
220 250 3 5
220 250 4 5
223 250 5 5
221 250 6 5
219 250 7 5
222 250 8 5
221 250 9 5
[3, 4, 5, 7, 8, 9, 10, 13, 14, 15, 17]
216 250 0 5
210 250 1 5
214 250 2 5
215 250 3 5
213 250 4 5
215 250 5 5
218 250 6 5
215 250 7 5
212 250 8 5
213 250 9 5
Avg: 207.5
[3, 4, 5, 7, 8, 9, 10, 12, 14, 15, 17]
194 250 0 5
188 250 1 5
187 250 2 5
188 250 3 5
190 250 4 5
191 250 5 5
191 250 6 5
193 250 7 5
199 250 8 5
192 250 9 5
[3, 4, 5, 7, 8, 9, 10, 12, 14, 15, 17]
197 250 0 5
202 250 1 5
202 250 2 5
202 250 3 5
199 250 4 5
200 250 5 5
206 250 6 5
200 250 7 5
202 250 8 5
203 250 9 5
[3, 4, 5, 7, 8, 9, 10, 12, 14, 15, 17]
209 250 0 5
206 250 1 5
205 250 2 5
206 250 3 5
202 250 4 5
203 250 5 5
204 250 6 5
211 250 7 5
207 250 8 5
206 250 9 5
[3, 4, 5, 7, 8, 9, 10, 12, 14, 15, 17]
224 250 0 5
224 250 1 5
220 250 2 5
222 250 3 5
222 250 4 5
225 250 5 5
222 250 6 5
223 250 7 5
222 250 8 5
222 250 9 5
[3, 4, 5, 7, 8, 9, 10, 12, 14, 15, 17]
213 250 0 5
213 250 1 5
213 250 2 5
216 250 3 5
211 250 4 5
215 250 5 5
212 250 6 5
215 250 7 5
219 250 8 5
220 250 9 5
Avg: 207.16
[3, 4, 5, 7, 8, 9, 10, 12, 13, 15, 17]
190 250 0 5
189 250 1 5
190 250 2 5
193 250 3 5
192 250 4 5
193 250 5 5
194 250 6 5
195 250 7 5
193 250 8 5
192 250 9 5
[3, 4, 5, 7, 8, 9, 10, 12, 13, 15, 17]
198 250 0 5
192 250 1 5
198 250 2 5
199 250 3 5
191 250 4 5
195 250 5 5
195 250 6 5
203 250 7 5
196 250 8 5
199 250 9 5
[3, 4, 5, 7, 8, 9, 10, 12, 13, 15, 17]
200 250 0 5
206 250 1 5
209 250 2 5
206 250 3 5
204 250 4 5
196 250 5 5
204 250 6 5
197 250 7 5
197 250 8 5
205 250 9 5
[3, 4, 5, 7, 8, 9, 10, 12, 13, 15, 17]
225 250 0 5
215 250 1 5
217 250 2 5
222 250 3 5
216 250 4 5
220 250 5 5
217 250 6 5
215 250 7 5
222 250 8 5
213 250 9 5
[3, 4, 5, 7, 8, 9, 10, 12, 13, 15, 17]
211 250 0 5
211 250 1 5
210 250 2 5
209 250 3 5
209 250 4 5
215 250 5 5
212 250 6 5
215 250 7 5
210 250 8 5
211 250 9 5
Avg: 204.12
[3, 4, 5, 7, 8, 9, 10, 12, 13, 14, 17]
193 250 0 5
189 250 1 5
201 250 2 5
200 250 3 5
192 250 4 5
193 250 5 5
195 250 6 5
190 250 7 5
192 250 8 5
200 250 9 5
[3, 4, 5, 7, 8, 9, 10, 12, 13, 14, 17]
201 250 0 5
200 250 1 5
201 250 2 5
205 250 3 5
199 250 4 5
202 250 5 5
202 250 6 5
202 250 7 5
205 250 8 5
202 250 9 5
[3, 4, 5, 7, 8, 9, 10, 12, 13, 14, 17]
201 250 0 5
207 250 1 5
204 250 2 5
203 250 3 5
206 250 4 5
204 250 5 5
205 250 6 5
203 250 7 5
204 250 8 5
204 250 9 5
[3, 4, 5, 7, 8, 9, 10, 12, 13, 14, 17]
221 250 0 5
216 250 1 5
212 250 2 5
218 250 3 5
217 250 4 5
220 250 5 5
217 250 6 5
223 250 7 5
221 250 8 5
219 250 9 5
[3, 4, 5, 7, 8, 9, 10, 12, 13, 14, 17]
218 250 0 5
214 250 1 5
216 250 2 5
214 250 3 5
211 250 4 5
215 250 5 5
217 250 6 5
211 250 7 5
211 250 8 5
213 250 9 5
Avg: 206.58
[3, 4, 5, 7, 8, 9, 10, 12, 13, 14, 15]
189 250 0 5
193 250 1 5
191 250 2 5
189 250 3 5
190 250 4 5
198 250 5 5
191 250 6 5
191 250 7 5
194 250 8 5
193 250 9 5
[3, 4, 5, 7, 8, 9, 10, 12, 13, 14, 15]
202 250 0 5
207 250 1 5
208 250 2 5
205 250 3 5
206 250 4 5
207 250 5 5
204 250 6 5
205 250 7 5
202 250 8 5
205 250 9 5
[3, 4, 5, 7, 8, 9, 10, 12, 13, 14, 15]
203 250 0 5
203 250 1 5
205 250 2 5
202 250 3 5
205 250 4 5
201 250 5 5
204 250 6 5
207 250 7 5
203 250 8 5
206 250 9 5
[3, 4, 5, 7, 8, 9, 10, 12, 13, 14, 15]
223 250 0 5
219 250 1 5
216 250 2 5
215 250 3 5
218 250 4 5
222 250 5 5
224 250 6 5
221 250 7 5
223 250 8 5
212 250 9 5
[3, 4, 5, 7, 8, 9, 10, 12, 13, 14, 15]
213 250 0 5
216 250 1 5
210 250 2 5
216 250 3 5
207 250 4 5
211 250 5 5
211 250 6 5
209 250 7 5
205 250 8 5
210 250 9 5
Avg: 206.2
