---14 params, result: remove 11, max: 207.9
[4, 5, 7, 8, 9, 10, 11, 12, 13, 14, 15, 16, 17]
197 250 0 5
196 250 1 5
198 250 2 5
198 250 3 5
193 250 4 5
195 250 5 5
196 250 6 5
197 250 7 5
199 250 8 5
198 250 9 5
[4, 5, 7, 8, 9, 10, 11, 12, 13, 14, 15, 16, 17]
196 250 0 5
198 250 1 5
201 250 2 5
198 250 3 5
202 250 4 5
200 250 5 5
200 250 6 5
197 250 7 5
203 250 8 5
200 250 9 5
[4, 5, 7, 8, 9, 10, 11, 12, 13, 14, 15, 16, 17]
207 250 0 5
203 250 1 5
207 250 2 5
202 250 3 5
210 250 4 5
207 250 5 5
207 250 6 5
204 250 7 5
206 250 8 5
205 250 9 5
[4, 5, 7, 8, 9, 10, 11, 12, 13, 14, 15, 16, 17]
218 250 0 5
218 250 1 5
224 250 2 5
220 250 3 5
220 250 4 5
224 250 5 5
222 250 6 5
218 250 7 5
217 250 8 5
219 250 9 5
[4, 5, 7, 8, 9, 10, 11, 12, 13, 14, 15, 16, 17]
213 250 0 5
210 250 1 5
212 250 2 5
213 250 3 5
219 250 4 5
212 250 5 5
210 250 6 5
209 250 7 5
212 250 8 5
209 250 9 5
Avg: 206.78000000000003
[3, 5, 7, 8, 9, 10, 11, 12, 13, 14, 15, 16, 17]
198 250 0 5
196 250 1 5
195 250 2 5
193 250 3 5
196 250 4 5
197 250 5 5
198 250 6 5
199 250 7 5
200 250 8 5
198 250 9 5
[3, 5, 7, 8, 9, 10, 11, 12, 13, 14, 15, 16, 17]
197 250 0 5
200 250 1 5
201 250 2 5
200 250 3 5
198 250 4 5
197 250 5 5
197 250 6 5
202 250 7 5
200 250 8 5
199 250 9 5
[3, 5, 7, 8, 9, 10, 11, 12, 13, 14, 15, 16, 17]
208 250 0 5
204 250 1 5
207 250 2 5
209 250 3 5
209 250 4 5
212 250 5 5
205 250 6 5
206 250 7 5
208 250 8 5
208 250 9 5
[3, 5, 7, 8, 9, 10, 11, 12, 13, 14, 15, 16, 17]
223 250 0 5
220 250 1 5
222 250 2 5
223 250 3 5
222 250 4 5
220 250 5 5
220 250 6 5
220 250 7 5
219 250 8 5
225 250 9 5
[3, 5, 7, 8, 9, 10, 11, 12, 13, 14, 15, 16, 17]
213 250 0 5
212 250 1 5
211 250 2 5
209 250 3 5
215 250 4 5
214 250 5 5
214 250 6 5
217 250 7 5
211 250 8 5
212 250 9 5
Avg: 207.58
[3, 4, 7, 8, 9, 10, 11, 12, 13, 14, 15, 16, 17]
196 250 0 5
198 250 1 5
202 250 2 5
201 250 3 5
198 250 4 5
202 250 5 5
197 250 6 5
197 250 7 5
197 250 8 5
202 250 9 5
[3, 4, 7, 8, 9, 10, 11, 12, 13, 14, 15, 16, 17]
196 250 0 5
195 250 1 5
198 250 2 5
196 250 3 5
196 250 4 5
196 250 5 5
198 250 6 5
195 250 7 5
195 250 8 5
193 250 9 5
[3, 4, 7, 8, 9, 10, 11, 12, 13, 14, 15, 16, 17]
207 250 0 5
203 250 1 5
212 250 2 5
208 250 3 5
206 250 4 5
205 250 5 5
204 250 6 5
208 250 7 5
202 250 8 5
205 250 9 5
[3, 4, 7, 8, 9, 10, 11, 12, 13, 14, 15, 16, 17]
226 250 0 5
219 250 1 5
222 250 2 5
221 250 3 5
225 250 4 5
221 250 5 5
221 250 6 5
226 250 7 5
222 250 8 5
223 250 9 5
[3, 4, 7, 8, 9, 10, 11, 12, 13, 14, 15, 16, 17]
211 250 0 5
208 250 1 5
210 250 2 5
219 250 3 5
214 250 4 5
211 250 5 5
207 250 6 5
212 250 7 5
215 250 8 5
214 250 9 5
Avg: 207.1
[3, 4, 5, 8, 9, 10, 11, 12, 13, 14, 15, 16, 17]
192 250 0 5
194 250 1 5
197 250 2 5
195 250 3 5
199 250 4 5
196 250 5 5
199 250 6 5
190 250 7 5
196 250 8 5
191 250 9 5
[3, 4, 5, 8, 9, 10, 11, 12, 13, 14, 15, 16, 17]
192 250 0 5
201 250 1 5
195 250 2 5
199 250 3 5
197 250 4 5
191 250 5 5
194 250 6 5
202 250 7 5
198 250 8 5
199 250 9 5
[3, 4, 5, 8, 9, 10, 11, 12, 13, 14, 15, 16, 17]
207 250 0 5
204 250 1 5
207 250 2 5
208 250 3 5
206 250 4 5
205 250 5 5
206 250 6 5
205 250 7 5
205 250 8 5
204 250 9 5
[3, 4, 5, 8, 9, 10, 11, 12, 13, 14, 15, 16, 17]
221 250 0 5
221 250 1 5
218 250 2 5
218 250 3 5
224 250 4 5
212 250 5 5
216 250 6 5
218 250 7 5
218 250 8 5
219 250 9 5
[3, 4, 5, 8, 9, 10, 11, 12, 13, 14, 15, 16, 17]
213 250 0 5
210 250 1 5
207 250 2 5
205 250 3 5
211 250 4 5
210 250 5 5
211 250 6 5
209 250 7 5
212 250 8 5
207 250 9 5
Avg: 205.08
[3, 4, 5, 7, 9, 10, 11, 12, 13, 14, 15, 16, 17]
197 250 0 5
197 250 1 5
195 250 2 5
202 250 3 5
199 250 4 5
197 250 5 5
194 250 6 5
196 250 7 5
199 250 8 5
197 250 9 5
[3, 4, 5, 7, 9, 10, 11, 12, 13, 14, 15, 16, 17]
199 250 0 5
203 250 1 5
197 250 2 5
197 250 3 5
199 250 4 5
198 250 5 5
203 250 6 5
202 250 7 5
202 250 8 5
201 250 9 5
[3, 4, 5, 7, 9, 10, 11, 12, 13, 14, 15, 16, 17]
204 250 0 5
208 250 1 5
202 250 2 5
207 250 3 5
206 250 4 5
206 250 5 5
208 250 6 5
203 250 7 5
205 250 8 5
206 250 9 5
[3, 4, 5, 7, 9, 10, 11, 12, 13, 14, 15, 16, 17]
223 250 0 5
224 250 1 5
222 250 2 5
217 250 3 5
219 250 4 5
222 250 5 5
222 250 6 5
219 250 7 5
221 250 8 5
217 250 9 5
[3, 4, 5, 7, 9, 10, 11, 12, 13, 14, 15, 16, 17]
208 250 0 5
209 250 1 5
213 250 2 5
213 250 3 5
211 250 4 5
211 250 5 5
210 250 6 5
212 250 7 5
210 250 8 5
209 250 9 5
Avg: 206.82000000000002
[3, 4, 5, 7, 8, 10, 11, 12, 13, 14, 15, 16, 17]
192 250 0 5
200 250 1 5
198 250 2 5
198 250 3 5
198 250 4 5
197 250 5 5
200 250 6 5
199 250 7 5
197 250 8 5
196 250 9 5
[3, 4, 5, 7, 8, 10, 11, 12, 13, 14, 15, 16, 17]
201 250 0 5
200 250 1 5
196 250 2 5
209 250 3 5
198 250 4 5
198 250 5 5
199 250 6 5
202 250 7 5
204 250 8 5
198 250 9 5
[3, 4, 5, 7, 8, 10, 11, 12, 13, 14, 15, 16, 17]
202 250 0 5
208 250 1 5
207 250 2 5
209 250 3 5
207 250 4 5
209 250 5 5
201 250 6 5
205 250 7 5
206 250 8 5
205 250 9 5
[3, 4, 5, 7, 8, 10, 11, 12, 13, 14, 15, 16, 17]
221 250 0 5
223 250 1 5
218 250 2 5
219 250 3 5
220 250 4 5
221 250 5 5
218 250 6 5
222 250 7 5
222 250 8 5
225 250 9 5
[3, 4, 5, 7, 8, 10, 11, 12, 13, 14, 15, 16, 17]
209 250 0 5
215 250 1 5
204 250 2 5
212 250 3 5
215 250 4 5
208 250 5 5
207 250 6 5
213 250 7 5
213 250 8 5
210 250 9 5
Avg: 207.08
[3, 4, 5, 7, 8, 9, 11, 12, 13, 14, 15, 16, 17]
200 250 0 5
200 250 1 5
198 250 2 5
197 250 3 5
198 250 4 5
203 250 5 5
200 250 6 5
197 250 7 5
196 250 8 5
203 250 9 5
[3, 4, 5, 7, 8, 9, 11, 12, 13, 14, 15, 16, 17]
195 250 0 5
204 250 1 5
201 250 2 5
200 250 3 5
199 250 4 5
195 250 5 5
199 250 6 5
196 250 7 5
199 250 8 5
204 250 9 5
[3, 4, 5, 7, 8, 9, 11, 12, 13, 14, 15, 16, 17]
204 250 0 5
202 250 1 5
206 250 2 5
207 250 3 5
205 250 4 5
203 250 5 5
208 250 6 5
204 250 7 5
204 250 8 5
202 250 9 5
[3, 4, 5, 7, 8, 9, 11, 12, 13, 14, 15, 16, 17]
219 250 0 5
219 250 1 5
216 250 2 5
220 250 3 5
218 250 4 5
219 250 5 5
223 250 6 5
219 250 7 5
220 250 8 5
214 250 9 5
[3, 4, 5, 7, 8, 9, 11, 12, 13, 14, 15, 16, 17]
210 250 0 5
207 250 1 5
206 250 2 5
210 250 3 5
209 250 4 5
203 250 5 5
211 250 6 5
208 250 7 5
209 250 8 5
204 250 9 5
Avg: 205.85999999999999
[3, 4, 5, 7, 8, 9, 10, 12, 13, 14, 15, 16, 17]
198 250 0 5
195 250 1 5
194 250 2 5
194 250 3 5
197 250 4 5
195 250 5 5
198 250 6 5
197 250 7 5
195 250 8 5
194 250 9 5
[3, 4, 5, 7, 8, 9, 10, 12, 13, 14, 15, 16, 17]
202 250 0 5
206 250 1 5
201 250 2 5
196 250 3 5
200 250 4 5
200 250 5 5
198 250 6 5
198 250 7 5
195 250 8 5
202 250 9 5
[3, 4, 5, 7, 8, 9, 10, 12, 13, 14, 15, 16, 17]
210 250 0 5
206 250 1 5
211 250 2 5
212 250 3 5
205 250 4 5
207 250 5 5
207 250 6 5
209 250 7 5
209 250 8 5
207 250 9 5
[3, 4, 5, 7, 8, 9, 10, 12, 13, 14, 15, 16, 17]
222 250 0 5
225 250 1 5
221 250 2 5
224 250 3 5
219 250 4 5
223 250 5 5
219 250 6 5
223 250 7 5
223 250 8 5
228 250 9 5
[3, 4, 5, 7, 8, 9, 10, 12, 13, 14, 15, 16, 17]
217 250 0 5
215 250 1 5
214 250 2 5
214 250 3 5
209 250 4 5
215 250 5 5
209 250 6 5
214 250 7 5
213 250 8 5
210 250 9 5
Avg: 207.9
[3, 4, 5, 7, 8, 9, 10, 11, 13, 14, 15, 16, 17]
197 250 0 5
195 250 1 5
197 250 2 5
200 250 3 5
199 250 4 5
197 250 5 5
196 250 6 5
197 250 7 5
196 250 8 5
199 250 9 5
[3, 4, 5, 7, 8, 9, 10, 11, 13, 14, 15, 16, 17]
197 250 0 5
203 250 1 5
198 250 2 5
207 250 3 5
200 250 4 5
197 250 5 5
201 250 6 5
204 250 7 5
201 250 8 5
197 250 9 5
[3, 4, 5, 7, 8, 9, 10, 11, 13, 14, 15, 16, 17]
203 250 0 5
204 250 1 5
206 250 2 5
206 250 3 5
209 250 4 5
207 250 5 5
204 250 6 5
206 250 7 5
200 250 8 5
205 250 9 5
[3, 4, 5, 7, 8, 9, 10, 11, 13, 14, 15, 16, 17]
223 250 0 5
216 250 1 5
220 250 2 5
217 250 3 5
219 250 4 5
219 250 5 5
220 250 6 5
218 250 7 5
221 250 8 5
221 250 9 5
[3, 4, 5, 7, 8, 9, 10, 11, 13, 14, 15, 16, 17]
215 250 0 5
215 250 1 5
207 250 2 5
211 250 3 5
218 250 4 5
208 250 5 5
211 250 6 5
214 250 7 5
211 250 8 5
208 250 9 5
Avg: 206.8
[3, 4, 5, 7, 8, 9, 10, 11, 12, 14, 15, 16, 17]
194 250 0 5
199 250 1 5
197 250 2 5
194 250 3 5
196 250 4 5
193 250 5 5
196 250 6 5
196 250 7 5
198 250 8 5
198 250 9 5
[3, 4, 5, 7, 8, 9, 10, 11, 12, 14, 15, 16, 17]
195 250 0 5
201 250 1 5
198 250 2 5
202 250 3 5
198 250 4 5
201 250 5 5
194 250 6 5
202 250 7 5
195 250 8 5
198 250 9 5
[3, 4, 5, 7, 8, 9, 10, 11, 12, 14, 15, 16, 17]
208 250 0 5
207 250 1 5
203 250 2 5
205 250 3 5
202 250 4 5
211 250 5 5
207 250 6 5
207 250 7 5
205 250 8 5
210 250 9 5
[3, 4, 5, 7, 8, 9, 10, 11, 12, 14, 15, 16, 17]
216 250 0 5
218 250 1 5
219 250 2 5
226 250 3 5
219 250 4 5
221 250 5 5
220 250 6 5
219 250 7 5
220 250 8 5
224 250 9 5
[3, 4, 5, 7, 8, 9, 10, 11, 12, 14, 15, 16, 17]
209 250 0 5
210 250 1 5
217 250 2 5
207 250 3 5
209 250 4 5
213 250 5 5
211 250 6 5
218 250 7 5
210 250 8 5
213 250 9 5
Avg: 206.57999999999998
[3, 4, 5, 7, 8, 9, 10, 11, 12, 13, 15, 16, 17]
195 250 0 5
197 250 1 5
200 250 2 5
200 250 3 5
196 250 4 5
196 250 5 5
195 250 6 5
194 250 7 5
200 250 8 5
198 250 9 5
[3, 4, 5, 7, 8, 9, 10, 11, 12, 13, 15, 16, 17]
193 250 0 5
194 250 1 5
195 250 2 5
201 250 3 5
197 250 4 5
197 250 5 5
196 250 6 5
195 250 7 5
199 250 8 5
198 250 9 5
[3, 4, 5, 7, 8, 9, 10, 11, 12, 13, 15, 16, 17]
208 250 0 5
208 250 1 5
201 250 2 5
209 250 3 5
203 250 4 5
209 250 5 5
205 250 6 5
206 250 7 5
206 250 8 5
204 250 9 5
[3, 4, 5, 7, 8, 9, 10, 11, 12, 13, 15, 16, 17]
216 250 0 5
222 250 1 5
224 250 2 5
219 250 3 5
225 250 4 5
218 250 5 5
219 250 6 5
224 250 7 5
218 250 8 5
223 250 9 5
[3, 4, 5, 7, 8, 9, 10, 11, 12, 13, 15, 16, 17]
211 250 0 5
217 250 1 5
209 250 2 5
210 250 3 5
210 250 4 5
211 250 5 5
214 250 6 5
209 250 7 5
213 250 8 5
211 250 9 5
Avg: 206.35999999999999
[3, 4, 5, 7, 8, 9, 10, 11, 12, 13, 14, 16, 17]
198 250 0 5
198 250 1 5
197 250 2 5
198 250 3 5
197 250 4 5
197 250 5 5
196 250 6 5
199 250 7 5
199 250 8 5
195 250 9 5
[3, 4, 5, 7, 8, 9, 10, 11, 12, 13, 14, 16, 17]
200 250 0 5
203 250 1 5
205 250 2 5
204 250 3 5
198 250 4 5
198 250 5 5
199 250 6 5
201 250 7 5
202 250 8 5
200 250 9 5
[3, 4, 5, 7, 8, 9, 10, 11, 12, 13, 14, 16, 17]
203 250 0 5
205 250 1 5
207 250 2 5
205 250 3 5
207 250 4 5
206 250 5 5
204 250 6 5
207 250 7 5
206 250 8 5
200 250 9 5
[3, 4, 5, 7, 8, 9, 10, 11, 12, 13, 14, 16, 17]
216 250 0 5
219 250 1 5
220 250 2 5
222 250 3 5
219 250 4 5
221 250 5 5
225 250 6 5
217 250 7 5
216 250 8 5
219 250 9 5
[3, 4, 5, 7, 8, 9, 10, 11, 12, 13, 14, 16, 17]
212 250 0 5
216 250 1 5
214 250 2 5
217 250 3 5
210 250 4 5
217 250 5 5
209 250 6 5
212 250 7 5
219 250 8 5
215 250 9 5
Avg: 207.38000000000002
[3, 4, 5, 7, 8, 9, 10, 11, 12, 13, 14, 15, 17]
195 250 0 5
197 250 1 5
196 250 2 5
195 250 3 5
196 250 4 5
200 250 5 5
198 250 6 5
197 250 7 5
193 250 8 5
194 250 9 5
[3, 4, 5, 7, 8, 9, 10, 11, 12, 13, 14, 15, 17]
200 250 0 5
200 250 1 5
206 250 2 5
205 250 3 5
194 250 4 5
198 250 5 5
199 250 6 5
200 250 7 5
200 250 8 5
204 250 9 5
[3, 4, 5, 7, 8, 9, 10, 11, 12, 13, 14, 15, 17]
204 250 0 5
209 250 1 5
205 250 2 5
207 250 3 5
207 250 4 5
208 250 5 5
206 250 6 5
207 250 7 5
207 250 8 5
203 250 9 5
[3, 4, 5, 7, 8, 9, 10, 11, 12, 13, 14, 15, 17]
222 250 0 5
222 250 1 5
223 250 2 5
219 250 3 5
224 250 4 5
223 250 5 5
219 250 6 5
222 250 7 5
223 250 8 5
227 250 9 5
[3, 4, 5, 7, 8, 9, 10, 11, 12, 13, 14, 15, 17]
215 250 0 5
212 250 1 5
207 250 2 5
214 250 3 5
217 250 4 5
214 250 5 5
211 250 6 5
217 250 7 5
213 250 8 5
214 250 9 5
Avg: 207.76
[3, 4, 5, 7, 8, 9, 10, 11, 12, 13, 14, 15, 16]
192 250 0 5
195 250 1 5
195 250 2 5
198 250 3 5
193 250 4 5
193 250 5 5
194 250 6 5
197 250 7 5
197 250 8 5
203 250 9 5
[3, 4, 5, 7, 8, 9, 10, 11, 12, 13, 14, 15, 16]
203 250 0 5
204 250 1 5
203 250 2 5
202 250 3 5
200 250 4 5
200 250 5 5
203 250 6 5
199 250 7 5
206 250 8 5
196 250 9 5
[3, 4, 5, 7, 8, 9, 10, 11, 12, 13, 14, 15, 16]
210 250 0 5
208 250 1 5
216 250 2 5
210 250 3 5
207 250 4 5
207 250 5 5
207 250 6 5
202 250 7 5
207 250 8 5
203 250 9 5
[3, 4, 5, 7, 8, 9, 10, 11, 12, 13, 14, 15, 16]
216 250 0 5
222 250 1 5
215 250 2 5
215 250 3 5
221 250 4 5
221 250 5 5
223 250 6 5
216 250 7 5
216 250 8 5
222 250 9 5
[3, 4, 5, 7, 8, 9, 10, 11, 12, 13, 14, 15, 16]
212 250 0 5
212 250 1 5
213 250 2 5
209 250 3 5
216 250 4 5
210 250 5 5
209 250 6 5
211 250 7 5
208 250 8 5
212 250 9 5
Avg: 206.97999999999996
[4, 5, 7, 8, 9, 10, 12, 13, 14, 15, 16, 17]