---17 params, result: remove 1, max: 204.62
[2, 3, 4, 5, 6, 7, 8, 9, 10, 11, 12, 13, 14, 15, 16, 17]
203 250 0 5
200 250 1 5
198 250 2 5
191 250 3 5
200 250 4 5
199 250 5 5
195 250 6 5
193 250 7 5
196 250 8 5
198 250 9 5
[2, 3, 4, 5, 6, 7, 8, 9, 10, 11, 12, 13, 14, 15, 16, 17]
194 250 0 5
194 250 1 5
200 250 2 5
193 250 3 5
197 250 4 5
194 250 5 5
190 250 6 5
189 250 7 5
196 250 8 5
195 250 9 5
[2, 3, 4, 5, 6, 7, 8, 9, 10, 11, 12, 13, 14, 15, 16, 17]
207 250 0 5
207 250 1 5
209 250 2 5
209 250 3 5
209 250 4 5
204 250 5 5
206 250 6 5
209 250 7 5
203 250 8 5
208 250 9 5
[2, 3, 4, 5, 6, 7, 8, 9, 10, 11, 12, 13, 14, 15, 16, 17]
214 250 0 5
216 250 1 5
218 250 2 5
218 250 3 5
220 250 4 5
216 250 5 5
216 250 6 5
215 250 7 5
217 250 8 5
216 250 9 5
[2, 3, 4, 5, 6, 7, 8, 9, 10, 11, 12, 13, 14, 15, 16, 17]
213 250 0 5
204 250 1 5
207 250 2 5
205 250 3 5
210 250 4 5
204 250 5 5
205 250 6 5
213 250 7 5
210 250 8 5
208 250 9 5
Avg: 204.61999999999998
[1, 3, 4, 5, 6, 7, 8, 9, 10, 11, 12, 13, 14, 15, 16, 17]
190 250 0 5
193 250 1 5
194 250 2 5
192 250 3 5
194 250 4 5
194 250 5 5
194 250 6 5
195 250 7 5
192 250 8 5
191 250 9 5
[1, 3, 4, 5, 6, 7, 8, 9, 10, 11, 12, 13, 14, 15, 16, 17]
200 250 0 5
200 250 1 5
195 250 2 5
199 250 3 5
200 250 4 5
201 250 5 5
203 250 6 5
196 250 7 5
199 250 8 5
198 250 9 5
[1, 3, 4, 5, 6, 7, 8, 9, 10, 11, 12, 13, 14, 15, 16, 17]
210 250 0 5
206 250 1 5
206 250 2 5
205 250 3 5
207 250 4 5
204 250 5 5
214 250 6 5
209 250 7 5
206 250 8 5
212 250 9 5
[1, 3, 4, 5, 6, 7, 8, 9, 10, 11, 12, 13, 14, 15, 16, 17]
215 250 0 5
218 250 1 5
216 250 2 5
216 250 3 5
214 250 4 5
215 250 5 5
218 250 6 5
215 250 7 5
217 250 8 5
216 250 9 5
[1, 3, 4, 5, 6, 7, 8, 9, 10, 11, 12, 13, 14, 15, 16, 17]
206 250 0 5
212 250 1 5
204 250 2 5
209 250 3 5
203 250 4 5
200 250 5 5
205 250 6 5
209 250 7 5
205 250 8 5
204 250 9 5
Avg: 204.32
[1, 2, 4, 5, 6, 7, 8, 9, 10, 11, 12, 13, 14, 15, 16, 17]
201 250 0 5
191 250 1 5
190 250 2 5
198 250 3 5
192 250 4 5
194 250 5 5
197 250 6 5
196 250 7 5
200 250 8 5
198 250 9 5
[1, 2, 4, 5, 6, 7, 8, 9, 10, 11, 12, 13, 14, 15, 16, 17]
192 250 0 5
199 250 1 5
197 250 2 5
201 250 3 5
196 250 4 5
199 250 5 5
194 250 6 5
197 250 7 5
196 250 8 5
197 250 9 5
[1, 2, 4, 5, 6, 7, 8, 9, 10, 11, 12, 13, 14, 15, 16, 17]
203 250 0 5
207 250 1 5
207 250 2 5
204 250 3 5
205 250 4 5
214 250 5 5
208 250 6 5
209 250 7 5
210 250 8 5
201 250 9 5
[1, 2, 4, 5, 6, 7, 8, 9, 10, 11, 12, 13, 14, 15, 16, 17]
212 250 0 5
210 250 1 5
215 250 2 5
208 250 3 5
212 250 4 5
212 250 5 5
212 250 6 5
215 250 7 5
214 250 8 5
214 250 9 5
[1, 2, 4, 5, 6, 7, 8, 9, 10, 11, 12, 13, 14, 15, 16, 17]
204 250 0 5
204 250 1 5
208 250 2 5
205 250 3 5
199 250 4 5
206 250 5 5
203 250 6 5
200 250 7 5
204 250 8 5
204 250 9 5
Avg: 203.08
[1, 2, 3, 5, 6, 7, 8, 9, 10, 11, 12, 13, 14, 15, 16, 17]
197 250 0 5
199 250 1 5
196 250 2 5
198 250 3 5
198 250 4 5
191 250 5 5
197 250 6 5
196 250 7 5
193 250 8 5
195 250 9 5
[1, 2, 3, 5, 6, 7, 8, 9, 10, 11, 12, 13, 14, 15, 16, 17]
201 250 0 5
198 250 1 5
200 250 2 5
200 250 3 5
196 250 4 5
194 250 5 5
193 250 6 5
198 250 7 5
195 250 8 5
196 250 9 5
[1, 2, 3, 5, 6, 7, 8, 9, 10, 11, 12, 13, 14, 15, 16, 17]
214 250 0 5
207 250 1 5
210 250 2 5
210 250 3 5
209 250 4 5
209 250 5 5
206 250 6 5
202 250 7 5
209 250 8 5
206 250 9 5
[1, 2, 3, 5, 6, 7, 8, 9, 10, 11, 12, 13, 14, 15, 16, 17]
217 250 0 5
216 250 1 5
222 250 2 5
211 250 3 5
218 250 4 5
214 250 5 5
217 250 6 5
216 250 7 5
214 250 8 5
217 250 9 5
[1, 2, 3, 5, 6, 7, 8, 9, 10, 11, 12, 13, 14, 15, 16, 17]
209 250 0 5
197 250 1 5
208 250 2 5
204 250 3 5
200 250 4 5
205 250 5 5
205 250 6 5
204 250 7 5
204 250 8 5
204 250 9 5
Avg: 204.3
[1, 2, 3, 4, 6, 7, 8, 9, 10, 11, 12, 13, 14, 15, 16, 17]
196 250 0 5
193 250 1 5
199 250 2 5
196 250 3 5
193 250 4 5
197 250 5 5
194 250 6 5
195 250 7 5
197 250 8 5
191 250 9 5
[1, 2, 3, 4, 6, 7, 8, 9, 10, 11, 12, 13, 14, 15, 16, 17]
197 250 0 5
195 250 1 5
193 250 2 5
197 250 3 5
191 250 4 5
197 250 5 5
192 250 6 5
203 250 7 5
196 250 8 5
198 250 9 5
[1, 2, 3, 4, 6, 7, 8, 9, 10, 11, 12, 13, 14, 15, 16, 17]
214 250 0 5
208 250 1 5
208 250 2 5
204 250 3 5
208 250 4 5
203 250 5 5
206 250 6 5
208 250 7 5
210 250 8 5
205 250 9 5
[1, 2, 3, 4, 6, 7, 8, 9, 10, 11, 12, 13, 14, 15, 16, 17]
222 250 0 5
215 250 1 5
213 250 2 5
215 250 3 5
218 250 4 5
217 250 5 5
217 250 6 5
212 250 7 5
213 250 8 5
215 250 9 5
[1, 2, 3, 4, 6, 7, 8, 9, 10, 11, 12, 13, 14, 15, 16, 17]
205 250 0 5
199 250 1 5
202 250 2 5
200 250 3 5
201 250 4 5
203 250 5 5
204 250 6 5
205 250 7 5
203 250 8 5
209 250 9 5
Avg: 203.44
[1, 2, 3, 4, 5, 7, 8, 9, 10, 11, 12, 13, 14, 15, 16, 17]
197 250 0 5
191 250 1 5
194 250 2 5
197 250 3 5
194 250 4 5
195 250 5 5
194 250 6 5
196 250 7 5
193 250 8 5
197 250 9 5
[1, 2, 3, 4, 5, 7, 8, 9, 10, 11, 12, 13, 14, 15, 16, 17]
204 250 0 5
200 250 1 5
195 250 2 5
193 250 3 5
201 250 4 5
201 250 5 5
196 250 6 5
200 250 7 5
192 250 8 5
198 250 9 5
[1, 2, 3, 4, 5, 7, 8, 9, 10, 11, 12, 13, 14, 15, 16, 17]
207 250 0 5
201 250 1 5
206 250 2 5
204 250 3 5
204 250 4 5
206 250 5 5
205 250 6 5
202 250 7 5
205 250 8 5
208 250 9 5
[1, 2, 3, 4, 5, 7, 8, 9, 10, 11, 12, 13, 14, 15, 16, 17]
217 250 0 5
217 250 1 5
215 250 2 5
212 250 3 5
216 250 4 5
218 250 5 5
214 250 6 5
216 250 7 5
215 250 8 5
214 250 9 5
[1, 2, 3, 4, 5, 7, 8, 9, 10, 11, 12, 13, 14, 15, 16, 17]
204 250 0 5
204 250 1 5
204 250 2 5
210 250 3 5
211 250 4 5
206 250 5 5
208 250 6 5
206 250 7 5
209 250 8 5
206 250 9 5
Avg: 203.95999999999998
[1, 2, 3, 4, 5, 6, 8, 9, 10, 11, 12, 13, 14, 15, 16, 17]
192 250 0 5
194 250 1 5
194 250 2 5
190 250 3 5
194 250 4 5
195 250 5 5
195 250 6 5
187 250 7 5
195 250 8 5
194 250 9 5
[1, 2, 3, 4, 5, 6, 8, 9, 10, 11, 12, 13, 14, 15, 16, 17]
194 250 0 5
194 250 1 5
194 250 2 5
201 250 3 5
192 250 4 5
189 250 5 5
193 250 6 5
197 250 7 5
189 250 8 5
188 250 9 5
[1, 2, 3, 4, 5, 6, 8, 9, 10, 11, 12, 13, 14, 15, 16, 17]
202 250 0 5
202 250 1 5
200 250 2 5
202 250 3 5
201 250 4 5
204 250 5 5
201 250 6 5
200 250 7 5
206 250 8 5
203 250 9 5
[1, 2, 3, 4, 5, 6, 8, 9, 10, 11, 12, 13, 14, 15, 16, 17]
210 250 0 5
206 250 1 5
211 250 2 5
211 250 3 5
211 250 4 5
212 250 5 5
212 250 6 5
211 250 7 5
216 250 8 5
212 250 9 5
[1, 2, 3, 4, 5, 6, 8, 9, 10, 11, 12, 13, 14, 15, 16, 17]
204 250 0 5
203 250 1 5
200 250 2 5
207 250 3 5
198 250 4 5
199 250 5 5
199 250 6 5
197 250 7 5
200 250 8 5
201 250 9 5
Avg: 200.04000000000002
[1, 2, 3, 4, 5, 6, 7, 9, 10, 11, 12, 13, 14, 15, 16, 17]
193 250 0 5
196 250 1 5
193 250 2 5
198 250 3 5
193 250 4 5
199 250 5 5
195 250 6 5
198 250 7 5
192 250 8 5
196 250 9 5
[1, 2, 3, 4, 5, 6, 7, 9, 10, 11, 12, 13, 14, 15, 16, 17]
201 250 0 5
197 250 1 5
195 250 2 5
192 250 3 5
198 250 4 5
196 250 5 5
197 250 6 5
191 250 7 5
196 250 8 5
199 250 9 5
[1, 2, 3, 4, 5, 6, 7, 9, 10, 11, 12, 13, 14, 15, 16, 17]
207 250 0 5
205 250 1 5
203 250 2 5
202 250 3 5
205 250 4 5
211 250 5 5
208 250 6 5
202 250 7 5
208 250 8 5
204 250 9 5
[1, 2, 3, 4, 5, 6, 7, 9, 10, 11, 12, 13, 14, 15, 16, 17]
213 250 0 5
212 250 1 5
216 250 2 5
214 250 3 5
214 250 4 5
215 250 5 5
213 250 6 5
213 250 7 5
213 250 8 5
216 250 9 5
[1, 2, 3, 4, 5, 6, 7, 9, 10, 11, 12, 13, 14, 15, 16, 17]
201 250 0 5
200 250 1 5
205 250 2 5
206 250 3 5
198 250 4 5
199 250 5 5
205 250 6 5
202 250 7 5
202 250 8 5
201 250 9 5
Avg: 202.56
[1, 2, 3, 4, 5, 6, 7, 8, 10, 11, 12, 13, 14, 15, 16, 17]
195 250 0 5
197 250 1 5
190 250 2 5
191 250 3 5
197 250 4 5
191 250 5 5
198 250 6 5
198 250 7 5
197 250 8 5
194 250 9 5
[1, 2, 3, 4, 5, 6, 7, 8, 10, 11, 12, 13, 14, 15, 16, 17]
200 250 0 5
196 250 1 5
199 250 2 5
194 250 3 5
197 250 4 5
202 250 5 5
190 250 6 5
199 250 7 5
198 250 8 5
193 250 9 5
[1, 2, 3, 4, 5, 6, 7, 8, 10, 11, 12, 13, 14, 15, 16, 17]
208 250 0 5
206 250 1 5
205 250 2 5
203 250 3 5
207 250 4 5
207 250 5 5
198 250 6 5
209 250 7 5
202 250 8 5
201 250 9 5
[1, 2, 3, 4, 5, 6, 7, 8, 10, 11, 12, 13, 14, 15, 16, 17]
217 250 0 5
216 250 1 5
218 250 2 5
217 250 3 5
215 250 4 5
217 250 5 5
219 250 6 5
213 250 7 5
218 250 8 5
213 250 9 5
[1, 2, 3, 4, 5, 6, 7, 8, 10, 11, 12, 13, 14, 15, 16, 17]
203 250 0 5
205 250 1 5
200 250 2 5
204 250 3 5
205 250 4 5
206 250 5 5
203 250 6 5
203 250 7 5
199 250 8 5
203 250 9 5
Avg: 203.11999999999998
[1, 2, 3, 4, 5, 6, 7, 8, 9, 11, 12, 13, 14, 15, 16, 17]
195 250 0 5
191 250 1 5
191 250 2 5
190 250 3 5
199 250 4 5
190 250 5 5
190 250 6 5
199 250 7 5
194 250 8 5
194 250 9 5
[1, 2, 3, 4, 5, 6, 7, 8, 9, 11, 12, 13, 14, 15, 16, 17]
199 250 0 5
198 250 1 5
195 250 2 5
198 250 3 5
201 250 4 5
199 250 5 5
199 250 6 5
198 250 7 5
196 250 8 5
196 250 9 5
[1, 2, 3, 4, 5, 6, 7, 8, 9, 11, 12, 13, 14, 15, 16, 17]
207 250 0 5
212 250 1 5
207 250 2 5
210 250 3 5
208 250 4 5
206 250 5 5
207 250 6 5
209 250 7 5
209 250 8 5
210 250 9 5
[1, 2, 3, 4, 5, 6, 7, 8, 9, 11, 12, 13, 14, 15, 16, 17]
213 250 0 5
212 250 1 5
216 250 2 5
214 250 3 5
213 250 4 5
217 250 5 5
216 250 6 5
214 250 7 5
215 250 8 5
218 250 9 5
[1, 2, 3, 4, 5, 6, 7, 8, 9, 11, 12, 13, 14, 15, 16, 17]
197 250 0 5
203 250 1 5
205 250 2 5
208 250 3 5
201 250 4 5
202 250 5 5
202 250 6 5
199 250 7 5
204 250 8 5
201 250 9 5
Avg: 203.34
[1, 2, 3, 4, 5, 6, 7, 8, 9, 10, 12, 13, 14, 15, 16, 17]
195 250 0 5
196 250 1 5
195 250 2 5
195 250 3 5
192 250 4 5
198 250 5 5
196 250 6 5
196 250 7 5
199 250 8 5
194 250 9 5
[1, 2, 3, 4, 5, 6, 7, 8, 9, 10, 12, 13, 14, 15, 16, 17]
196 250 0 5
199 250 1 5
196 250 2 5
194 250 3 5
201 250 4 5
196 250 5 5
201 250 6 5
193 250 7 5
199 250 8 5
193 250 9 5
[1, 2, 3, 4, 5, 6, 7, 8, 9, 10, 12, 13, 14, 15, 16, 17]
209 250 0 5
209 250 1 5
206 250 2 5
209 250 3 5
203 250 4 5
203 250 5 5
209 250 6 5
207 250 7 5
207 250 8 5
207 250 9 5
[1, 2, 3, 4, 5, 6, 7, 8, 9, 10, 12, 13, 14, 15, 16, 17]
218 250 0 5
211 250 1 5
213 250 2 5
215 250 3 5
216 250 4 5
214 250 5 5
213 250 6 5
212 250 7 5
217 250 8 5
219 250 9 5
[1, 2, 3, 4, 5, 6, 7, 8, 9, 10, 12, 13, 14, 15, 16, 17]
202 250 0 5
205 250 1 5
209 250 2 5
205 250 3 5
200 250 4 5
206 250 5 5
204 250 6 5
204 250 7 5
205 250 8 5
204 250 9 5
Avg: 203.70000000000002
[1, 2, 3, 4, 5, 6, 7, 8, 9, 10, 11, 13, 14, 15, 16, 17]
190 250 0 5
195 250 1 5
196 250 2 5
195 250 3 5
194 250 4 5
192 250 5 5
201 250 6 5
190 250 7 5
189 250 8 5
191 250 9 5
[1, 2, 3, 4, 5, 6, 7, 8, 9, 10, 11, 13, 14, 15, 16, 17]
199 250 0 5
192 250 1 5
197 250 2 5
197 250 3 5
200 250 4 5
196 250 5 5
201 250 6 5
199 250 7 5
196 250 8 5
200 250 9 5
[1, 2, 3, 4, 5, 6, 7, 8, 9, 10, 11, 13, 14, 15, 16, 17]
203 250 0 5
198 250 1 5
206 250 2 5
207 250 3 5
207 250 4 5
208 250 5 5
205 250 6 5
204 250 7 5
206 250 8 5
204 250 9 5
[1, 2, 3, 4, 5, 6, 7, 8, 9, 10, 11, 13, 14, 15, 16, 17]
215 250 0 5
213 250 1 5
216 250 2 5
217 250 3 5
213 250 4 5
215 250 5 5
220 250 6 5
216 250 7 5
217 250 8 5
214 250 9 5
[1, 2, 3, 4, 5, 6, 7, 8, 9, 10, 11, 13, 14, 15, 16, 17]
203 250 0 5
206 250 1 5
207 250 2 5
201 250 3 5
205 250 4 5
211 250 5 5
208 250 6 5
205 250 7 5
206 250 8 5
207 250 9 5
Avg: 203.45999999999998
[1, 2, 3, 4, 5, 6, 7, 8, 9, 10, 11, 12, 14, 15, 16, 17]
194 250 0 5
197 250 1 5
199 250 2 5
196 250 3 5
194 250 4 5
192 250 5 5
193 250 6 5
195 250 7 5
192 250 8 5
195 250 9 5
[1, 2, 3, 4, 5, 6, 7, 8, 9, 10, 11, 12, 14, 15, 16, 17]
202 250 0 5
196 250 1 5
200 250 2 5
206 250 3 5
201 250 4 5
198 250 5 5
198 250 6 5
197 250 7 5
198 250 8 5
202 250 9 5
[1, 2, 3, 4, 5, 6, 7, 8, 9, 10, 11, 12, 14, 15, 16, 17]
201 250 0 5
203 250 1 5
204 250 2 5
199 250 3 5
208 250 4 5
204 250 5 5
203 250 6 5
204 250 7 5
201 250 8 5
206 250 9 5
[1, 2, 3, 4, 5, 6, 7, 8, 9, 10, 11, 12, 14, 15, 16, 17]
217 250 0 5
215 250 1 5
215 250 2 5
213 250 3 5
217 250 4 5
212 250 5 5
210 250 6 5
213 250 7 5
212 250 8 5
215 250 9 5
[1, 2, 3, 4, 5, 6, 7, 8, 9, 10, 11, 12, 14, 15, 16, 17]
201 250 0 5
197 250 1 5
209 250 2 5
203 250 3 5
203 250 4 5
206 250 5 5
204 250 6 5
202 250 7 5
203 250 8 5
197 250 9 5
Avg: 202.84
[1, 2, 3, 4, 5, 6, 7, 8, 9, 10, 11, 12, 13, 15, 16, 17]
196 250 0 5
190 250 1 5
193 250 2 5
200 250 3 5
192 250 4 5
196 250 5 5
197 250 6 5
193 250 7 5
196 250 8 5
195 250 9 5
[1, 2, 3, 4, 5, 6, 7, 8, 9, 10, 11, 12, 13, 15, 16, 17]
190 250 0 5
201 250 1 5
202 250 2 5
191 250 3 5
196 250 4 5
200 250 5 5
197 250 6 5
197 250 7 5
196 250 8 5
191 250 9 5
[1, 2, 3, 4, 5, 6, 7, 8, 9, 10, 11, 12, 13, 15, 16, 17]
208 250 0 5
203 250 1 5
205 250 2 5
203 250 3 5
201 250 4 5
205 250 5 5
205 250 6 5
204 250 7 5
209 250 8 5
210 250 9 5
[1, 2, 3, 4, 5, 6, 7, 8, 9, 10, 11, 12, 13, 15, 16, 17]
211 250 0 5
212 250 1 5
213 250 2 5
213 250 3 5
216 250 4 5
208 250 5 5
215 250 6 5
211 250 7 5
212 250 8 5
215 250 9 5
[1, 2, 3, 4, 5, 6, 7, 8, 9, 10, 11, 12, 13, 15, 16, 17]
204 250 0 5
200 250 1 5
202 250 2 5
198 250 3 5
200 250 4 5
203 250 5 5
205 250 6 5
204 250 7 5
202 250 8 5
196 250 9 5
Avg: 202.04000000000002
[1, 2, 3, 4, 5, 6, 7, 8, 9, 10, 11, 12, 13, 14, 16, 17]
195 250 0 5
196 250 1 5
197 250 2 5
196 250 3 5
195 250 4 5
196 250 5 5
194 250 6 5
197 250 7 5
189 250 8 5
194 250 9 5
[1, 2, 3, 4, 5, 6, 7, 8, 9, 10, 11, 12, 13, 14, 16, 17]
194 250 0 5
196 250 1 5
196 250 2 5
199 250 3 5
200 250 4 5
197 250 5 5
196 250 6 5
198 250 7 5
197 250 8 5
201 250 9 5
[1, 2, 3, 4, 5, 6, 7, 8, 9, 10, 11, 12, 13, 14, 16, 17]
213 250 0 5
204 250 1 5
207 250 2 5
206 250 3 5
206 250 4 5
205 250 5 5
210 250 6 5
212 250 7 5
204 250 8 5
208 250 9 5
[1, 2, 3, 4, 5, 6, 7, 8, 9, 10, 11, 12, 13, 14, 16, 17]
212 250 0 5
212 250 1 5
214 250 2 5
214 250 3 5
212 250 4 5
214 250 5 5
212 250 6 5
215 250 7 5
213 250 8 5
214 250 9 5
[1, 2, 3, 4, 5, 6, 7, 8, 9, 10, 11, 12, 13, 14, 16, 17]
207 250 0 5
202 250 1 5
209 250 2 5
205 250 3 5
200 250 4 5
201 250 5 5
206 250 6 5
210 250 7 5
199 250 8 5
206 250 9 5
Avg: 203.5
[1, 2, 3, 4, 5, 6, 7, 8, 9, 10, 11, 12, 13, 14, 15, 17]
192 250 0 5
192 250 1 5
192 250 2 5
194 250 3 5
193 250 4 5
195 250 5 5
192 250 6 5
189 250 7 5
190 250 8 5
198 250 9 5
[1, 2, 3, 4, 5, 6, 7, 8, 9, 10, 11, 12, 13, 14, 15, 17]
198 250 0 5
200 250 1 5
202 250 2 5
203 250 3 5
197 250 4 5
203 250 5 5
191 250 6 5
200 250 7 5
201 250 8 5
199 250 9 5
[1, 2, 3, 4, 5, 6, 7, 8, 9, 10, 11, 12, 13, 14, 15, 17]
206 250 0 5
204 250 1 5
207 250 2 5
199 250 3 5
200 250 4 5
205 250 5 5
201 250 6 5
207 250 7 5
206 250 8 5
205 250 9 5
[1, 2, 3, 4, 5, 6, 7, 8, 9, 10, 11, 12, 13, 14, 15, 17]
212 250 0 5
211 250 1 5
215 250 2 5
218 250 3 5
213 250 4 5
217 250 5 5
217 250 6 5
215 250 7 5
213 250 8 5
215 250 9 5
[1, 2, 3, 4, 5, 6, 7, 8, 9, 10, 11, 12, 13, 14, 15, 17]
202 250 0 5
203 250 1 5
207 250 2 5
204 250 3 5
202 250 4 5
204 250 5 5
209 250 6 5
205 250 7 5
198 250 8 5
205 250 9 5
Avg: 202.92
[1, 2, 3, 4, 5, 6, 7, 8, 9, 10, 11, 12, 13, 14, 15, 16]
195 250 0 5
193 250 1 5
192 250 2 5
192 250 3 5
193 250 4 5
192 250 5 5
196 250 6 5
195 250 7 5
194 250 8 5
193 250 9 5
[1, 2, 3, 4, 5, 6, 7, 8, 9, 10, 11, 12, 13, 14, 15, 16]
204 250 0 5
200 250 1 5
195 250 2 5
199 250 3 5
194 250 4 5
201 250 5 5
205 250 6 5
200 250 7 5
195 250 8 5
202 250 9 5
[1, 2, 3, 4, 5, 6, 7, 8, 9, 10, 11, 12, 13, 14, 15, 16]
204 250 0 5
205 250 1 5
203 250 2 5
209 250 3 5
213 250 4 5
209 250 5 5
206 250 6 5
203 250 7 5
205 250 8 5
207 250 9 5
[1, 2, 3, 4, 5, 6, 7, 8, 9, 10, 11, 12, 13, 14, 15, 16]
215 250 0 5
214 250 1 5
219 250 2 5
213 250 3 5
215 250 4 5
219 250 5 5
215 250 6 5
211 250 7 5
215 250 8 5
216 250 9 5
[1, 2, 3, 4, 5, 6, 7, 8, 9, 10, 11, 12, 13, 14, 15, 16]
200 250 0 5
206 250 1 5
210 250 2 5
204 250 3 5
209 250 4 5
208 250 5 5
199 250 6 5
204 250 7 5
202 250 8 5
200 250 9 5
Avg: 203.76